55.99470212635117	7.493372360212688
42.874202085422944	22.036294955382743
74.59649381036235	9.454991323743169
21.83373077228913	14.516587557262131
73.3884039154249	7.359467498988723
9.371687568686326	18.691711465289504
76.36631223444574	24.813571100289575
73.58177324350581	18.431223924766872
84.05738812863257	25.334281552091724
5.018821854644928	22.78280556952493
91.77776701517391	6.92180162077087
23.921261987673525	0.046979306055729975
25.15184140219394	17.89406226242664
1.8783459551276804	16.022066813537602
86.16309605717308	6.9629553417236725
79.0484193564427	0.5386399202205505
23.66319263708353	8.352566787414412
85.22874196668546	18.599327001825202
90.29301488464192	4.849421931305776
97.78738966603903	11.298798309534472
19.05497413934788	21.004156711171415
7.763766593613008	8.889480473871476
20.603474657387878	2.7901518685389837
98.63203101769572	6.252211982615985
5.3948045734587	22.012577275565707
4.83385513198119	12.489048159683664
41.384238542638464	24.448354827092693
79.88037502869396	15.88739435702128
82.84973055419735	3.0220982336266133
75.24927826044788	20.19052857696814
70.37792843001071	10.931879427871557
26.15042269334582	15.09609121143594
57.41197835902805	18.794880236288733
71.87727773973572	12.652121843842258
30.57988742727964	5.588078006477831
81.62590316076813	5.275892475015342
19.909242224036603	25.422923688013544
63.93066321704376	2.4709821781694363
77.5824681671807	9.28163785933185
63.52271400790003	2.00350518793162
51.814168325992604	21.52225530378475
55.36699115268059	25.90765737529998
69.4782347957998	14.213603096960382
5.2812125242240775	25.302702931377546
31.32390323630042	15.634481681027165
18.788925671090784	28.952154917085053
92.52179852487059	1.7646807020970712
64.07325741576099	1.1149020535320209
56.119319373207965	15.169539570386862
94.751007042024	4.720240923948045
10.599752108021255	18.91642249926469
86.32303128238664	6.7405764644599975
92.7877677078753	21.386478392348675
7.063246093256326	10.965410030811295
7.2299073398832014	2.7078707446084715
94.89830026192269	19.36945696385442
35.195977380885644	5.715685617265448
53.782226222648845	26.686248881791418
21.01331527948268	12.0275979080477
90.72042462474906	13.149491449558566
7.067760599712624	2.8919488571714025
22.81598427915279	28.047564039842673
69.72467948081615	1.7576292138978844
86.412025472504	11.52031116274209
39.39771481359491	9.87790519972637
48.868864707306734	2.198932352533729
28.54307157115007	0.4064506760127806
94.47620412665454	23.30851507814883
94.62047450691139	23.46906099254529
14.827292903923405	19.312661961517943
45.98345198828224	4.63677781571298
21.180894635634107	6.824125057142696
38.919121592448015	26.770295310951553
22.961180815369687	6.636130553105372
34.79582790285056	24.980626048410286
67.291135995043	21.467097166966184
24.23900670904868	1.9421759874233169
53.78151670170135	22.28639243165223
75.24774951093842	4.305517934914915
66.00280962417042	28.13427061221682
32.442702801800706	23.465719388117027
37.471953029676506	10.41664005051502
85.72292322632025	11.88035499508279
92.93991708862225	5.1073649146896924
80.23159601433518	29.069226707412607
88.71025258989826	29.456081375329525
70.1640447357251	14.745427021782525
62.007233765627845	16.138572394434433
53.735100220364004	29.699190358640053
70.25529157485762	1.3298320527622665
86.55835744764087	20.23755193380341
0.6732743867302715	22.16251621843119
7.45279201462462	13.871515523566982
87.4368902704218	0.7421765032949346
51.785994325844285	11.102075768772915
2.5027099662812136	1.347056458492163
12.365744029004555	8.19672969650088
94.12165436167554	14.69075373020852
57.773571302380766	27.835041783070736
85.99599282370404	29.326380152891808
