0.01 0.999286 0.000714189
0.02 0.672206 0.327794
0.03 0.623614 0.376386
0.04 0.582697 0.417303
0.05 0.547272 0.452728
0.06 0.516421 0.483579
0.07 0.488995 0.511005
0.08 0.48826 0.51174
0.09 0.486033 0.513967
0.1 0.482364 0.517636
0.11 0.477405 0.522595
0.12 0.471227 0.528773
0.13 0.464052 0.535948
0.14 0.45595 0.54405
0.15 0.447179 0.552821
0.16 0.437905 0.562095
0.17 0.428153 0.571847
0.18 0.418179 0.581821
0.19 0.408248 0.591752
0.2 0.398184 0.601816
0.21 0.388211 0.611789
0.22 0.378255 0.621745
0.23 0.368518 0.631482
0.24 0.359044 0.640956
0.25 0.349722 0.650278
0.26 0.340725 0.659275
0.27 0.331925 0.668075
0.28 0.323339 0.676661
0.29 0.323187 0.676813
0.3 0.322722 0.677278
0.31 0.321946 0.678054
0.32 0.320865 0.679135
0.33 0.319488 0.680512
0.34 0.317824 0.682176
0.35 0.315886 0.684114
0.36 0.313687 0.686313
0.37 0.311242 0.688758
0.38 0.308567 0.691433
0.39 0.305679 0.694321
0.4 0.302652 0.697348
0.41 0.299454 0.700546
0.42 0.296103 0.703897
0.43 0.292615 0.707385
0.44 0.289007 0.710993
0.45 0.285297 0.714703
0.46 0.281499 0.718501
0.47 0.277702 0.722298
0.48 0.27385 0.72615
0.49 0.269954 0.730046
0.5 0.266029 0.733971
0.51 0.262085 0.737915
0.52 0.258131 0.741869
0.53 0.254257 0.745743
0.54 0.250392 0.749608
0.55 0.246544 0.753456
0.56 0.242719 0.757281
0.57 0.238923 0.761077
0.58 0.235001 0.764999
0.59 0.230792 0.769208
0.6 0.226364 0.773636
0.61 0.221623 0.778377
0.62 0.216642 0.783358
0.63 0.211325 0.788675
0.64 0.205661 0.794339
0.65 0.199735 0.800265
0.66 0.193453 0.806547
0.67 0.186811 0.813189
0.68 0.179813 0.820187
0.69 0.172268 0.827732
0.7 0.164383 0.835617
0.71 0.156085 0.843915
0.72 0.147411 0.852589
0.73 0.138312 0.861688
0.74 0.128856 0.871144
0.75 0.119037 0.880963
0.76 0.108878 0.891122
0.77 0.0983575 0.901643
0.78 0.08744 0.91256
0.79 0.0761182 0.923882
0.8 0.0641674 0.935833
0.81 0.0510474 0.948953
0.82 0.0348985 0.965101
0.83 0.0181204 0.98188
0.84 0.00912374 0.990876
0.85 0.0044252 0.995575
0.86 0.00212597 0.997874
0.87 0.00102932 0.998971
0.88 0.000503943 0.999496
0.89 0.000248728 0.999751
0.9 0.000123553 0.999876
0.91 6.19507e-05 0.999938
0.92 3.16188e-05 0.999968
0.93 1.6688e-05 0.999983
0.94 9.34139e-06 0.999991
0.95 5.72986e-06 0.999994
0.96 3.9543e-06 0.999996
0.97 3.08324e-06 0.999997
0.98 2.65723e-06 0.999997
0.99 2.44876e-06 0.999998
1 2.34735e-06 0.999998
1.01 2.29876e-06 0.999998
1.02 2.2751e-06 0.999998
1.03 2.26388e-06 0.999998
1.04 2.25909e-06 0.999998
1.05 2.25659e-06 0.999998
1.06 2.25548e-06 0.999998
1.07 2.25547e-06 0.999998
1.08 2.25517e-06 0.999998
1.09 2.25503e-06 0.999998
1.1 2.25542e-06 0.999998
1.11 2.25527e-06 0.999998
1.12 2.25517e-06 0.999998
1.13 2.25555e-06 0.999998
1.14 2.25538e-06 0.999998
1.15 2.25525e-06 0.999998
1.16 2.25561e-06 0.999998
1.17 2.25542e-06 0.999998
1.18 2.25529e-06 0.999998
1.19 2.25564e-06 0.999998
1.2 2.25544e-06 0.999998
1.21 2.2553e-06 0.999998
1.22 2.25565e-06 0.999998
1.23 2.25545e-06 0.999998
1.24 2.2553e-06 0.999998
1.25 2.25565e-06 0.999998
1.26 2.25545e-06 0.999998
1.27 2.2553e-06 0.999998
1.28 2.25565e-06 0.999998
1.29 2.25545e-06 0.999998
1.3 2.25531e-06 0.999998
1.31 2.25565e-06 0.999998
1.32 2.25545e-06 0.999998
1.33 2.25531e-06 0.999998
1.34 2.25565e-06 0.999998
1.35 2.25545e-06 0.999998
1.36 2.25531e-06 0.999998
1.37 2.25565e-06 0.999998
1.38 2.25545e-06 0.999998
1.39 2.25531e-06 0.999998
1.4 2.25565e-06 0.999998
1.41 2.25545e-06 0.999998
1.42 2.25531e-06 0.999998
1.43 2.25565e-06 0.999998
1.44 2.25545e-06 0.999998
1.45 2.25531e-06 0.999998
1.46 2.25565e-06 0.999998
1.47 2.25545e-06 0.999998
1.48 2.25531e-06 0.999998
1.49 2.25565e-06 0.999998
1.5 2.25545e-06 0.999998
1.51 2.25531e-06 0.999998
1.52 2.25565e-06 0.999998
1.53 2.25545e-06 0.999998
1.54 2.25531e-06 0.999998
1.55 2.25565e-06 0.999998
1.56 2.25545e-06 0.999998
1.57 2.25531e-06 0.999998
1.58 2.25565e-06 0.999998
1.59 2.25545e-06 0.999998
1.6 2.25531e-06 0.999998
1.61 2.25565e-06 0.999998
1.62 2.25545e-06 0.999998
1.63 2.25531e-06 0.999998
1.64 2.25565e-06 0.999998
1.65 2.25545e-06 0.999998
1.66 2.25531e-06 0.999998
1.67 2.25565e-06 0.999998
1.68 2.25545e-06 0.999998
1.69 2.25531e-06 0.999998
1.7 2.25565e-06 0.999998
1.71 2.25545e-06 0.999998
1.72 2.25531e-06 0.999998
1.73 2.25565e-06 0.999998
1.74 2.25545e-06 0.999998
1.75 2.25531e-06 0.999998
1.76 2.25565e-06 0.999998
1.77 2.25545e-06 0.999998
1.78 2.25531e-06 0.999998
1.79 2.25565e-06 0.999998
1.8 2.25545e-06 0.999998
1.81 2.25531e-06 0.999998
1.82 2.25565e-06 0.999998
1.83 2.25545e-06 0.999998
1.84 2.25531e-06 0.999998
1.85 2.25565e-06 0.999998
1.86 2.25545e-06 0.999998
1.87 2.25531e-06 0.999998
1.88 2.25565e-06 0.999998
1.89 2.25545e-06 0.999998
1.9 2.25531e-06 0.999998
1.91 2.25565e-06 0.999998
1.92 2.25545e-06 0.999998
1.93 2.25531e-06 0.999998
1.94 2.25565e-06 0.999998
1.95 2.25545e-06 0.999998
1.96 2.25531e-06 0.999998
1.97 2.25565e-06 0.999998
1.98 2.25545e-06 0.999998
1.99 2.25531e-06 0.999998
2 2.25565e-06 0.999998
2.01 2.25545e-06 0.999998
2.02 2.25531e-06 0.999998
2.03 2.25565e-06 0.999998
2.04 2.25545e-06 0.999998
2.05 2.25531e-06 0.999998
2.06 2.25565e-06 0.999998
2.07 2.25545e-06 0.999998
2.08 2.25531e-06 0.999998
2.09 2.25565e-06 0.999998
2.1 2.25545e-06 0.999998
2.11 2.25531e-06 0.999998
2.12 2.25565e-06 0.999998
2.13 2.25545e-06 0.999998
2.14 2.25531e-06 0.999998
2.15 2.25565e-06 0.999998
2.16 2.25545e-06 0.999998
2.17 2.25531e-06 0.999998
2.18 2.25565e-06 0.999998
2.19 2.25545e-06 0.999998
2.2 2.25531e-06 0.999998
2.21 2.25565e-06 0.999998
2.22 2.25545e-06 0.999998
2.23 2.25531e-06 0.999998
2.24 2.25565e-06 0.999998
2.25 2.25545e-06 0.999998
2.26 2.25531e-06 0.999998
2.27 2.25565e-06 0.999998
2.28 2.25545e-06 0.999998
2.29 2.25531e-06 0.999998
2.3 2.25565e-06 0.999998
2.31 2.25545e-06 0.999998
2.32 2.25531e-06 0.999998
2.33 2.25565e-06 0.999998
2.34 2.25545e-06 0.999998
2.35 2.25531e-06 0.999998
2.36 2.25565e-06 0.999998
2.37 2.25545e-06 0.999998
2.38 2.25531e-06 0.999998
2.39 2.25565e-06 0.999998
2.4 2.25545e-06 0.999998
2.41 2.25531e-06 0.999998
2.42 2.25565e-06 0.999998
2.43 2.25545e-06 0.999998
2.44 2.25531e-06 0.999998
2.45 2.25565e-06 0.999998
2.46 2.25545e-06 0.999998
2.47 2.25531e-06 0.999998
2.48 2.25565e-06 0.999998
2.49 2.25545e-06 0.999998
2.5 2.25531e-06 0.999998
2.51 2.25565e-06 0.999998
2.52 2.25545e-06 0.999998
2.53 2.25531e-06 0.999998
2.54 2.25565e-06 0.999998
2.55 2.25545e-06 0.999998
2.56 2.25531e-06 0.999998
2.57 2.25565e-06 0.999998
2.58 2.25545e-06 0.999998
2.59 2.25531e-06 0.999998
2.6 2.25565e-06 0.999998
2.61 2.25545e-06 0.999998
2.62 2.25531e-06 0.999998
2.63 2.25565e-06 0.999998
2.64 2.25545e-06 0.999998
2.65 2.25531e-06 0.999998
2.66 2.25565e-06 0.999998
2.67 2.25545e-06 0.999998
2.68 2.25531e-06 0.999998
2.69 2.25565e-06 0.999998
2.7 2.25545e-06 0.999998
2.71 2.25531e-06 0.999998
2.72 2.25565e-06 0.999998
2.73 2.25545e-06 0.999998
2.74 2.25531e-06 0.999998
2.75 2.25565e-06 0.999998
2.76 2.25545e-06 0.999998
2.77 2.25531e-06 0.999998
2.78 2.25565e-06 0.999998
2.79 2.25545e-06 0.999998
2.8 2.25531e-06 0.999998
2.81 2.25565e-06 0.999998
2.82 2.25545e-06 0.999998
2.83 2.25531e-06 0.999998
2.84 2.25565e-06 0.999998
2.85 2.25545e-06 0.999998
2.86 2.25531e-06 0.999998
2.87 2.25565e-06 0.999998
2.88 2.25545e-06 0.999998
2.89 2.25531e-06 0.999998
2.9 2.25565e-06 0.999998
2.91 2.25545e-06 0.999998
2.92 2.25531e-06 0.999998
2.93 2.25565e-06 0.999998
2.94 2.25545e-06 0.999998
2.95 2.25531e-06 0.999998
2.96 2.25565e-06 0.999998
2.97 2.25545e-06 0.999998
2.98 2.25531e-06 0.999998
2.99 2.25565e-06 0.999998
3 2.25545e-06 0.999998
3.01 2.25531e-06 0.999998
3.02 2.25565e-06 0.999998
3.03 2.25545e-06 0.999998
3.04 2.25531e-06 0.999998
3.05 2.25565e-06 0.999998
3.06 2.25545e-06 0.999998
3.07 2.25531e-06 0.999998
3.08 2.25565e-06 0.999998
3.09 2.25545e-06 0.999998
3.1 2.25531e-06 0.999998
3.11 2.25565e-06 0.999998
3.12 2.25545e-06 0.999998
3.13 2.25531e-06 0.999998
3.14 2.25565e-06 0.999998
3.15 2.25545e-06 0.999998
3.16 2.25531e-06 0.999998
3.17 2.25565e-06 0.999998
3.18 2.25545e-06 0.999998
3.19 2.25531e-06 0.999998
3.2 2.25565e-06 0.999998
3.21 2.25545e-06 0.999998
3.22 2.25531e-06 0.999998
3.23 2.25565e-06 0.999998
3.24 2.25545e-06 0.999998
3.25 2.25531e-06 0.999998
3.26 2.25565e-06 0.999998
3.27 2.25545e-06 0.999998
3.28 2.25531e-06 0.999998
3.29 2.25565e-06 0.999998
3.3 2.25545e-06 0.999998
3.31 2.25531e-06 0.999998
3.32 2.25565e-06 0.999998
3.33 2.25545e-06 0.999998
3.34 2.25531e-06 0.999998
3.35 2.25565e-06 0.999998
3.36 2.25545e-06 0.999998
3.37 2.25531e-06 0.999998
3.38 2.25565e-06 0.999998
3.39 2.25545e-06 0.999998
3.4 2.25531e-06 0.999998
3.41 2.25565e-06 0.999998
3.42 2.25545e-06 0.999998
3.43 2.25531e-06 0.999998
3.44 2.25565e-06 0.999998
3.45 2.25545e-06 0.999998
3.46 2.25531e-06 0.999998
3.47 2.25565e-06 0.999998
3.48 2.25545e-06 0.999998
3.49 2.25531e-06 0.999998
3.5 2.25565e-06 0.999998
3.51 2.25545e-06 0.999998
3.52 2.25531e-06 0.999998
3.53 2.25565e-06 0.999998
3.54 2.25545e-06 0.999998
3.55 2.25531e-06 0.999998
3.56 2.25565e-06 0.999998
3.57 2.25545e-06 0.999998
3.58 2.25531e-06 0.999998
3.59 2.25565e-06 0.999998
3.6 2.25545e-06 0.999998
3.61 2.25531e-06 0.999998
3.62 2.25565e-06 0.999998
3.63 2.25545e-06 0.999998
3.64 2.25531e-06 0.999998
3.65 2.25565e-06 0.999998
3.66 2.25545e-06 0.999998
3.67 2.25531e-06 0.999998
3.68 2.25565e-06 0.999998
3.69 2.25545e-06 0.999998
3.7 2.25531e-06 0.999998
3.71 2.25565e-06 0.999998
3.72 2.25545e-06 0.999998
3.73 2.25531e-06 0.999998
3.74 2.25565e-06 0.999998
3.75 2.25545e-06 0.999998
3.76 2.25531e-06 0.999998
3.77 2.25565e-06 0.999998
3.78 2.25545e-06 0.999998
3.79 2.25531e-06 0.999998
3.8 2.25565e-06 0.999998
3.81 2.25545e-06 0.999998
3.82 2.25531e-06 0.999998
3.83 2.25565e-06 0.999998
3.84 2.25545e-06 0.999998
3.85 2.25531e-06 0.999998
3.86 2.25565e-06 0.999998
3.87 2.25545e-06 0.999998
3.88 2.25531e-06 0.999998
3.89 2.25565e-06 0.999998
3.9 2.25545e-06 0.999998
3.91 2.25531e-06 0.999998
3.92 2.25565e-06 0.999998
3.93 2.25545e-06 0.999998
3.94 2.25531e-06 0.999998
3.95 2.25565e-06 0.999998
3.96 2.25545e-06 0.999998
3.97 2.25531e-06 0.999998
3.98 2.25565e-06 0.999998
3.99 2.25545e-06 0.999998
4 2.25531e-06 0.999998
4.01 2.25565e-06 0.999998
4.02 2.25545e-06 0.999998
4.03 2.25531e-06 0.999998
4.04 2.25565e-06 0.999998
4.05 2.25545e-06 0.999998
4.06 2.25531e-06 0.999998
4.07 2.25565e-06 0.999998
4.08 2.25545e-06 0.999998
4.09 2.25531e-06 0.999998
4.1 2.25565e-06 0.999998
4.11 2.25545e-06 0.999998
4.12 2.25531e-06 0.999998
4.13 2.25565e-06 0.999998
4.14 2.25545e-06 0.999998
4.15 2.25531e-06 0.999998
4.16 2.25565e-06 0.999998
4.17 2.25545e-06 0.999998
4.18 2.25531e-06 0.999998
4.19 2.25565e-06 0.999998
4.2 2.25545e-06 0.999998
4.21 2.25531e-06 0.999998
4.22 2.25565e-06 0.999998
4.23 2.25545e-06 0.999998
4.24 2.25531e-06 0.999998
4.25 2.25565e-06 0.999998
4.26 2.25545e-06 0.999998
4.27 2.25531e-06 0.999998
4.28 2.25565e-06 0.999998
4.29 2.25545e-06 0.999998
4.3 2.25531e-06 0.999998
4.31 2.25565e-06 0.999998
4.32 2.25545e-06 0.999998
4.33 2.25531e-06 0.999998
4.34 2.25565e-06 0.999998
4.35 2.25545e-06 0.999998
4.36 2.25531e-06 0.999998
4.37 2.25565e-06 0.999998
4.38 2.25545e-06 0.999998
4.39 2.25531e-06 0.999998
4.4 2.25565e-06 0.999998
4.41 2.25545e-06 0.999998
4.42 2.25531e-06 0.999998
4.43 2.25565e-06 0.999998
4.44 2.25545e-06 0.999998
4.45 2.25531e-06 0.999998
4.46 2.25565e-06 0.999998
4.47 2.25545e-06 0.999998
4.48 2.25531e-06 0.999998
4.49 2.25565e-06 0.999998
4.5 2.25545e-06 0.999998
4.51 2.25531e-06 0.999998
4.52 2.25565e-06 0.999998
4.53 2.25545e-06 0.999998
4.54 2.25531e-06 0.999998
4.55 2.25565e-06 0.999998
4.56 2.25545e-06 0.999998
4.57 2.25531e-06 0.999998
4.58 2.25565e-06 0.999998
4.59 2.25545e-06 0.999998
4.6 2.25531e-06 0.999998
4.61 2.25565e-06 0.999998
4.62 2.25545e-06 0.999998
4.63 2.25531e-06 0.999998
4.64 2.25565e-06 0.999998
4.65 2.25545e-06 0.999998
4.66 2.25531e-06 0.999998
4.67 2.25565e-06 0.999998
4.68 2.25545e-06 0.999998
4.69 2.25531e-06 0.999998
4.7 2.25565e-06 0.999998
4.71 2.25545e-06 0.999998
4.72 2.25531e-06 0.999998
4.73 2.25565e-06 0.999998
4.74 2.25545e-06 0.999998
4.75 2.25531e-06 0.999998
4.76 2.25565e-06 0.999998
4.77 2.25545e-06 0.999998
4.78 2.25531e-06 0.999998
4.79 2.25565e-06 0.999998
4.8 2.25545e-06 0.999998
4.81 2.25531e-06 0.999998
4.82 2.25565e-06 0.999998
4.83 2.25545e-06 0.999998
4.84 2.25531e-06 0.999998
4.85 2.25565e-06 0.999998
4.86 2.25545e-06 0.999998
4.87 2.25531e-06 0.999998
4.88 2.25565e-06 0.999998
4.89 2.25545e-06 0.999998
4.9 2.25531e-06 0.999998
4.91 2.25565e-06 0.999998
4.92 2.25545e-06 0.999998
4.93 2.25531e-06 0.999998
4.94 2.25565e-06 0.999998
4.95 2.25545e-06 0.999998
4.96 2.25531e-06 0.999998
4.97 2.25565e-06 0.999998
4.98 2.25545e-06 0.999998
4.99 2.25531e-06 0.999998
5 2.25565e-06 0.999998
5.01 2.25545e-06 0.999998
5.02 2.25531e-06 0.999998
5.03 2.25565e-06 0.999998
5.04 2.25545e-06 0.999998
5.05 2.25531e-06 0.999998
5.06 2.25565e-06 0.999998
5.07 2.25545e-06 0.999998
5.08 2.25531e-06 0.999998
5.09 2.25565e-06 0.999998
5.1 2.25545e-06 0.999998
5.11 2.25531e-06 0.999998
5.12 2.25565e-06 0.999998
5.13 2.25545e-06 0.999998
5.14 2.25531e-06 0.999998
5.15 2.25565e-06 0.999998
5.16 2.25545e-06 0.999998
5.17 2.25531e-06 0.999998
5.18 2.25565e-06 0.999998
5.19 2.25545e-06 0.999998
5.2 2.25531e-06 0.999998
5.21 2.25565e-06 0.999998
5.22 2.25545e-06 0.999998
5.23 2.25531e-06 0.999998
5.24 2.25565e-06 0.999998
5.25 2.25545e-06 0.999998
5.26 2.25531e-06 0.999998
5.27 2.25565e-06 0.999998
5.28 2.25545e-06 0.999998
5.29 2.25531e-06 0.999998
5.3 2.25565e-06 0.999998
5.31 2.25545e-06 0.999998
5.32 2.25531e-06 0.999998
5.33 2.25565e-06 0.999998
5.34 2.25545e-06 0.999998
5.35 2.25531e-06 0.999998
5.36 2.25565e-06 0.999998
5.37 2.25545e-06 0.999998
5.38 2.25531e-06 0.999998
5.39 2.25565e-06 0.999998
5.4 2.25545e-06 0.999998
5.41 2.25531e-06 0.999998
5.42 2.25565e-06 0.999998
5.43 2.25545e-06 0.999998
5.44 2.25531e-06 0.999998
5.45 2.25565e-06 0.999998
5.46 2.25545e-06 0.999998
5.47 2.25531e-06 0.999998
5.48 2.25565e-06 0.999998
5.49 2.25545e-06 0.999998
5.5 2.25531e-06 0.999998
5.51 2.25565e-06 0.999998
5.52 2.25545e-06 0.999998
5.53 2.25531e-06 0.999998
5.54 2.25565e-06 0.999998
5.55 2.25545e-06 0.999998
5.56 2.25531e-06 0.999998
5.57 2.25565e-06 0.999998
5.58 2.25545e-06 0.999998
5.59 2.25531e-06 0.999998
5.6 2.25565e-06 0.999998
5.61 2.25545e-06 0.999998
5.62 2.25531e-06 0.999998
5.63 2.25565e-06 0.999998
5.64 2.25545e-06 0.999998
5.65 2.25531e-06 0.999998
5.66 2.25565e-06 0.999998
5.67 2.25545e-06 0.999998
5.68 2.25531e-06 0.999998
5.69 2.25565e-06 0.999998
5.7 2.25545e-06 0.999998
5.71 2.25531e-06 0.999998
5.72 2.25565e-06 0.999998
5.73 2.25545e-06 0.999998
5.74 2.25531e-06 0.999998
5.75 2.25565e-06 0.999998
5.76 2.25545e-06 0.999998
5.77 2.25531e-06 0.999998
5.78 2.25565e-06 0.999998
5.79 2.25545e-06 0.999998
5.8 2.25531e-06 0.999998
5.81 2.25565e-06 0.999998
5.82 2.25545e-06 0.999998
5.83 2.25531e-06 0.999998
5.84 2.25565e-06 0.999998
5.85 2.25545e-06 0.999998
5.86 2.25531e-06 0.999998
5.87 2.25565e-06 0.999998
5.88 2.25545e-06 0.999998
5.89 2.25531e-06 0.999998
5.9 2.25565e-06 0.999998
5.91 2.25545e-06 0.999998
5.92 2.25531e-06 0.999998
5.93 2.25565e-06 0.999998
5.94 2.25545e-06 0.999998
5.95 2.25531e-06 0.999998
5.96 2.25565e-06 0.999998
5.97 2.25545e-06 0.999998
5.98 2.25531e-06 0.999998
5.99 2.25565e-06 0.999998
6 2.25545e-06 0.999998
6.01 2.25531e-06 0.999998
6.02 2.25565e-06 0.999998
6.03 2.25545e-06 0.999998
6.04 2.25531e-06 0.999998
6.05 2.25565e-06 0.999998
6.06 2.25545e-06 0.999998
6.07 2.25531e-06 0.999998
6.08 2.25565e-06 0.999998
6.09 2.25545e-06 0.999998
6.1 2.25531e-06 0.999998
6.11 2.25565e-06 0.999998
6.12 2.25545e-06 0.999998
6.13 2.25531e-06 0.999998
6.14 2.25565e-06 0.999998
6.15 2.25545e-06 0.999998
6.16 2.25531e-06 0.999998
6.17 2.25565e-06 0.999998
6.18 2.25545e-06 0.999998
6.19 2.25531e-06 0.999998
6.2 2.25565e-06 0.999998
6.21 2.25545e-06 0.999998
6.22 2.25531e-06 0.999998
6.23 2.25565e-06 0.999998
6.24 2.25545e-06 0.999998
6.25 2.25531e-06 0.999998
6.26 2.25565e-06 0.999998
6.27 2.25545e-06 0.999998
6.28 2.25531e-06 0.999998
6.29 2.25565e-06 0.999998
6.3 2.25545e-06 0.999998
6.31 2.25531e-06 0.999998
6.32 2.25565e-06 0.999998
6.33 2.25545e-06 0.999998
6.34 2.25531e-06 0.999998
6.35 2.25565e-06 0.999998
6.36 2.25545e-06 0.999998
6.37 2.25531e-06 0.999998
6.38 2.25565e-06 0.999998
6.39 2.25545e-06 0.999998
6.4 2.25531e-06 0.999998
6.41 2.25565e-06 0.999998
6.42 2.25545e-06 0.999998
6.43 2.25531e-06 0.999998
6.44 2.25565e-06 0.999998
6.45 2.25545e-06 0.999998
6.46 2.25531e-06 0.999998
6.47 2.25565e-06 0.999998
6.48 2.25545e-06 0.999998
6.49 2.25531e-06 0.999998
6.5 2.25565e-06 0.999998
6.51 2.25545e-06 0.999998
6.52 2.25531e-06 0.999998
6.53 2.25565e-06 0.999998
6.54 2.25545e-06 0.999998
6.55 2.25531e-06 0.999998
6.56 2.25565e-06 0.999998
6.57 2.25545e-06 0.999998
6.58 2.25531e-06 0.999998
6.59 2.25565e-06 0.999998
6.6 2.25545e-06 0.999998
6.61 2.25531e-06 0.999998
6.62 2.25565e-06 0.999998
6.63 2.25545e-06 0.999998
6.64 2.25531e-06 0.999998
6.65 2.25565e-06 0.999998
6.66 2.25545e-06 0.999998
6.67 2.25531e-06 0.999998
6.68 2.25565e-06 0.999998
6.69 2.25545e-06 0.999998
6.7 2.25531e-06 0.999998
6.71 2.25565e-06 0.999998
6.72 2.25545e-06 0.999998
6.73 2.25531e-06 0.999998
6.74 2.25565e-06 0.999998
6.75 2.25545e-06 0.999998
6.76 2.25531e-06 0.999998
6.77 2.25565e-06 0.999998
6.78 2.25545e-06 0.999998
6.79 2.25531e-06 0.999998
6.8 2.25565e-06 0.999998
6.81 2.25545e-06 0.999998
6.82 2.25531e-06 0.999998
6.83 2.25565e-06 0.999998
6.84 2.25545e-06 0.999998
6.85 2.25531e-06 0.999998
6.86 2.25565e-06 0.999998
6.87 2.25545e-06 0.999998
6.88 2.25531e-06 0.999998
6.89 2.25565e-06 0.999998
6.9 2.25545e-06 0.999998
6.91 2.25531e-06 0.999998
6.92 2.25565e-06 0.999998
6.93 2.25545e-06 0.999998
6.94 2.25531e-06 0.999998
6.95 2.25565e-06 0.999998
6.96 2.25545e-06 0.999998
6.97 2.25531e-06 0.999998
6.98 2.25565e-06 0.999998
6.99 2.25545e-06 0.999998
7 2.25531e-06 0.999998
7.01 2.25565e-06 0.999998
7.02 2.25545e-06 0.999998
7.03 2.25531e-06 0.999998
7.04 2.25565e-06 0.999998
7.05 2.25545e-06 0.999998
7.06 2.25531e-06 0.999998
7.07 2.25565e-06 0.999998
7.08 2.25545e-06 0.999998
7.09 2.25531e-06 0.999998
7.1 2.25565e-06 0.999998
7.11 2.25545e-06 0.999998
7.12 2.25531e-06 0.999998
7.13 2.25565e-06 0.999998
7.14 2.25545e-06 0.999998
7.15 2.25531e-06 0.999998
7.16 2.25565e-06 0.999998
7.17 2.25545e-06 0.999998
7.18 2.25531e-06 0.999998
7.19 2.25565e-06 0.999998
7.2 2.25545e-06 0.999998
7.21 2.25531e-06 0.999998
7.22 2.25565e-06 0.999998
7.23 2.25545e-06 0.999998
7.24 2.25531e-06 0.999998
7.25 2.25565e-06 0.999998
7.26 2.25545e-06 0.999998
7.27 2.25531e-06 0.999998
7.28 2.25565e-06 0.999998
7.29 2.25545e-06 0.999998
7.3 2.25531e-06 0.999998
7.31 2.25565e-06 0.999998
7.32 2.25545e-06 0.999998
7.33 2.25531e-06 0.999998
7.34 2.25565e-06 0.999998
7.35 2.25545e-06 0.999998
7.36 2.25531e-06 0.999998
7.37 2.25565e-06 0.999998
7.38 2.25545e-06 0.999998
7.39 2.25531e-06 0.999998
7.4 2.25565e-06 0.999998
7.41 2.25545e-06 0.999998
7.42 2.25531e-06 0.999998
7.43 2.25565e-06 0.999998
7.44 2.25545e-06 0.999998
7.45 2.25531e-06 0.999998
7.46 2.25565e-06 0.999998
7.47 2.25545e-06 0.999998
7.48 2.25531e-06 0.999998
7.49 2.25565e-06 0.999998
7.5 2.25545e-06 0.999998
7.51 2.25531e-06 0.999998
7.52 2.25565e-06 0.999998
7.53 2.25545e-06 0.999998
7.54 2.25531e-06 0.999998
7.55 2.25565e-06 0.999998
7.56 2.25545e-06 0.999998
7.57 2.25531e-06 0.999998
7.58 2.25565e-06 0.999998
7.59 2.25545e-06 0.999998
7.6 2.25531e-06 0.999998
7.61 2.25565e-06 0.999998
7.62 2.25545e-06 0.999998
7.63 2.25531e-06 0.999998
7.64 2.25565e-06 0.999998
7.65 2.25545e-06 0.999998
7.66 2.25531e-06 0.999998
7.67 2.25565e-06 0.999998
7.68 2.25545e-06 0.999998
7.69 2.25531e-06 0.999998
7.7 2.25565e-06 0.999998
7.71 2.25545e-06 0.999998
7.72 2.25531e-06 0.999998
7.73 2.25565e-06 0.999998
7.74 2.25545e-06 0.999998
7.75 2.25531e-06 0.999998
7.76 2.25565e-06 0.999998
7.77 2.25545e-06 0.999998
7.78 2.25531e-06 0.999998
7.79 2.25565e-06 0.999998
7.8 2.25545e-06 0.999998
7.81 2.25531e-06 0.999998
7.82 2.25565e-06 0.999998
7.83 2.25545e-06 0.999998
7.84 2.25531e-06 0.999998
7.85 2.25565e-06 0.999998
7.86 2.25545e-06 0.999998
7.87 2.25531e-06 0.999998
7.88 2.25565e-06 0.999998
7.89 2.25545e-06 0.999998
7.9 2.25531e-06 0.999998
7.91 2.25565e-06 0.999998
7.92 2.25545e-06 0.999998
7.93 2.25531e-06 0.999998
7.94 2.25565e-06 0.999998
7.95 2.25545e-06 0.999998
7.96 2.25531e-06 0.999998
7.97 2.25565e-06 0.999998
7.98 2.25545e-06 0.999998
7.99 2.25531e-06 0.999998
8 2.25565e-06 0.999998
8.01 2.25545e-06 0.999998
8.02 2.25531e-06 0.999998
8.03 2.25565e-06 0.999998
8.04 2.25545e-06 0.999998
8.05 2.25531e-06 0.999998
8.06 2.25565e-06 0.999998
8.07 2.25545e-06 0.999998
8.08 2.25531e-06 0.999998
8.09 2.25565e-06 0.999998
8.1 2.25545e-06 0.999998
8.11 2.25531e-06 0.999998
8.12 2.25565e-06 0.999998
8.13 2.25545e-06 0.999998
8.14 2.25531e-06 0.999998
8.15 2.25565e-06 0.999998
8.16 2.25545e-06 0.999998
8.17 2.25531e-06 0.999998
8.18 2.25565e-06 0.999998
8.19 2.25545e-06 0.999998
8.2 2.25531e-06 0.999998
8.21 2.25565e-06 0.999998
8.22 2.25545e-06 0.999998
8.23 2.25531e-06 0.999998
8.24 2.25565e-06 0.999998
8.25 2.25545e-06 0.999998
8.26 2.25531e-06 0.999998
8.27 2.25565e-06 0.999998
8.28 2.25545e-06 0.999998
8.29 2.25531e-06 0.999998
8.3 2.25565e-06 0.999998
8.31 2.25545e-06 0.999998
8.32 2.25531e-06 0.999998
8.33 2.25565e-06 0.999998
8.34 2.25545e-06 0.999998
8.35 2.25531e-06 0.999998
8.36 2.25565e-06 0.999998
8.37 2.25545e-06 0.999998
8.38 2.25531e-06 0.999998
8.39 2.25565e-06 0.999998
8.4 2.25545e-06 0.999998
8.41 2.25531e-06 0.999998
8.42 2.25565e-06 0.999998
8.43 2.25545e-06 0.999998
8.44 2.25531e-06 0.999998
8.45 2.25565e-06 0.999998
8.46 2.25545e-06 0.999998
8.47 2.25531e-06 0.999998
8.48 2.25565e-06 0.999998
8.49 2.25545e-06 0.999998
8.5 2.25531e-06 0.999998
8.51 2.25565e-06 0.999998
8.52 2.25545e-06 0.999998
8.53 2.25531e-06 0.999998
8.54 2.25565e-06 0.999998
8.55 2.25545e-06 0.999998
8.56 2.25531e-06 0.999998
8.57 2.25565e-06 0.999998
8.58 2.25545e-06 0.999998
8.59 2.25531e-06 0.999998
8.6 2.25565e-06 0.999998
8.61 2.25545e-06 0.999998
8.62 2.25531e-06 0.999998
8.63 2.25565e-06 0.999998
8.64 2.25545e-06 0.999998
8.65 2.25531e-06 0.999998
8.66 2.25565e-06 0.999998
8.67 2.25545e-06 0.999998
8.68 2.25531e-06 0.999998
8.69 2.25565e-06 0.999998
8.7 2.25545e-06 0.999998
8.71 2.25531e-06 0.999998
8.72 2.25565e-06 0.999998
8.73 2.25545e-06 0.999998
8.74 2.25531e-06 0.999998
8.75 2.25565e-06 0.999998
8.76 2.25545e-06 0.999998
8.77 2.25531e-06 0.999998
8.78 2.25565e-06 0.999998
8.79 2.25545e-06 0.999998
8.8 2.25531e-06 0.999998
8.81 2.25565e-06 0.999998
8.82 2.25545e-06 0.999998
8.83 2.25531e-06 0.999998
8.84 2.25565e-06 0.999998
8.85 2.25545e-06 0.999998
8.86 2.25531e-06 0.999998
8.87 2.25565e-06 0.999998
8.88 2.25545e-06 0.999998
8.89 2.25531e-06 0.999998
8.9 2.25565e-06 0.999998
8.91 2.25545e-06 0.999998
8.92 2.25531e-06 0.999998
8.93 2.25565e-06 0.999998
8.94 2.25545e-06 0.999998
8.95 2.25531e-06 0.999998
8.96 2.25565e-06 0.999998
8.97 2.25545e-06 0.999998
8.98 2.25531e-06 0.999998
8.99 2.25565e-06 0.999998
9 2.25545e-06 0.999998
9.01 2.25531e-06 0.999998
9.02 2.25565e-06 0.999998
9.03 2.25545e-06 0.999998
9.04 2.25531e-06 0.999998
9.05 2.25565e-06 0.999998
9.06 2.25545e-06 0.999998
9.07 2.25531e-06 0.999998
9.08 2.25565e-06 0.999998
9.09 2.25545e-06 0.999998
9.1 2.25531e-06 0.999998
9.11 2.25565e-06 0.999998
9.12 2.25545e-06 0.999998
9.13 2.25531e-06 0.999998
9.14 2.25565e-06 0.999998
9.15 2.25545e-06 0.999998
9.16 2.25531e-06 0.999998
9.17 2.25565e-06 0.999998
9.18 2.25545e-06 0.999998
9.19 2.25531e-06 0.999998
9.2 2.25565e-06 0.999998
9.21 2.25545e-06 0.999998
9.22 2.25531e-06 0.999998
9.23 2.25565e-06 0.999998
9.24 2.25545e-06 0.999998
9.25 2.25531e-06 0.999998
9.26 2.25565e-06 0.999998
9.27 2.25545e-06 0.999998
9.28 2.25531e-06 0.999998
9.29 2.25565e-06 0.999998
9.3 2.25545e-06 0.999998
9.31 2.25531e-06 0.999998
9.32 2.25565e-06 0.999998
9.33 2.25545e-06 0.999998
9.34 2.25531e-06 0.999998
9.35 2.25565e-06 0.999998
9.36 2.25545e-06 0.999998
9.37 2.25531e-06 0.999998
9.38 2.25565e-06 0.999998
9.39 2.25545e-06 0.999998
9.4 2.25531e-06 0.999998
9.41 2.25565e-06 0.999998
9.42 2.25545e-06 0.999998
9.43 2.25531e-06 0.999998
9.44 2.25565e-06 0.999998
9.45 2.25545e-06 0.999998
9.46 2.25531e-06 0.999998
9.47 2.25565e-06 0.999998
9.48 2.25545e-06 0.999998
9.49 2.25531e-06 0.999998
9.5 2.25565e-06 0.999998
9.51 2.25545e-06 0.999998
9.52 2.25531e-06 0.999998
9.53 2.25565e-06 0.999998
9.54 2.25545e-06 0.999998
9.55 2.25531e-06 0.999998
9.56 2.25565e-06 0.999998
9.57 2.25545e-06 0.999998
9.58 2.25531e-06 0.999998
9.59 2.25565e-06 0.999998
9.6 2.25545e-06 0.999998
9.61 2.25531e-06 0.999998
9.62 2.25565e-06 0.999998
9.63 2.25545e-06 0.999998
9.64 2.25531e-06 0.999998
9.65 2.25565e-06 0.999998
9.66 2.25545e-06 0.999998
9.67 2.25531e-06 0.999998
9.68 2.25565e-06 0.999998
9.69 2.25545e-06 0.999998
9.7 2.25531e-06 0.999998
9.71 2.25565e-06 0.999998
9.72 2.25545e-06 0.999998
9.73 2.25531e-06 0.999998
9.74 2.25565e-06 0.999998
9.75 2.25545e-06 0.999998
9.76 2.25531e-06 0.999998
9.77 2.25565e-06 0.999998
9.78 2.25545e-06 0.999998
9.79 2.25531e-06 0.999998
9.8 2.25565e-06 0.999998
9.81 2.25545e-06 0.999998
9.82 2.25531e-06 0.999998
9.83 2.25565e-06 0.999998
9.84 2.25545e-06 0.999998
9.85 2.25531e-06 0.999998
9.86 2.25565e-06 0.999998
9.87 2.25545e-06 0.999998
9.88 2.25531e-06 0.999998
9.89 2.25565e-06 0.999998
9.9 2.25545e-06 0.999998
9.91 2.25531e-06 0.999998
9.92 2.25565e-06 0.999998
9.93 2.25545e-06 0.999998
9.94 2.25531e-06 0.999998
9.95 2.25565e-06 0.999998
9.96 2.25545e-06 0.999998
9.97 2.25531e-06 0.999998
9.98 2.25565e-06 0.999998
9.99 2.25545e-06 0.999998
10 2.25531e-06 0.999998
10.01 2.25565e-06 0.999998
10.02 2.25545e-06 0.999998
10.03 2.25531e-06 0.999998
10.04 2.25565e-06 0.999998
10.05 2.25545e-06 0.999998
10.06 2.25531e-06 0.999998
10.07 2.25565e-06 0.999998
10.08 2.25545e-06 0.999998
10.09 2.25531e-06 0.999998
10.1 2.25565e-06 0.999998
10.11 2.25545e-06 0.999998
10.12 2.25531e-06 0.999998
10.13 2.25565e-06 0.999998
10.14 2.25545e-06 0.999998
10.15 2.25531e-06 0.999998
10.16 2.25565e-06 0.999998
10.17 2.25545e-06 0.999998
10.18 2.25531e-06 0.999998
10.19 2.25565e-06 0.999998
10.2 2.25545e-06 0.999998
10.21 2.25531e-06 0.999998
10.22 2.25565e-06 0.999998
10.23 2.25545e-06 0.999998
10.24 2.25531e-06 0.999998
10.25 2.25565e-06 0.999998
10.26 2.25545e-06 0.999998
10.27 2.25531e-06 0.999998
10.28 2.25565e-06 0.999998
10.29 2.25545e-06 0.999998
10.3 2.25531e-06 0.999998
10.31 2.25565e-06 0.999998
10.32 2.25545e-06 0.999998
10.33 2.25531e-06 0.999998
10.34 2.25565e-06 0.999998
10.35 2.25545e-06 0.999998
10.36 2.25531e-06 0.999998
10.37 2.25565e-06 0.999998
10.38 2.25545e-06 0.999998
10.39 2.25531e-06 0.999998
10.4 2.25565e-06 0.999998
10.41 2.25545e-06 0.999998
10.42 2.25531e-06 0.999998
10.43 2.25565e-06 0.999998
10.44 2.25545e-06 0.999998
10.45 2.25531e-06 0.999998
10.46 2.25565e-06 0.999998
10.47 2.25545e-06 0.999998
10.48 2.25531e-06 0.999998
10.49 2.25565e-06 0.999998
10.5 2.25545e-06 0.999998
10.51 2.25531e-06 0.999998
10.52 2.25565e-06 0.999998
10.53 2.25545e-06 0.999998
10.54 2.25531e-06 0.999998
10.55 2.25565e-06 0.999998
10.56 2.25545e-06 0.999998
10.57 2.25531e-06 0.999998
10.58 2.25565e-06 0.999998
10.59 2.25545e-06 0.999998
10.6 2.25531e-06 0.999998
10.61 2.25565e-06 0.999998
10.62 2.25545e-06 0.999998
10.63 2.25531e-06 0.999998
10.64 2.25565e-06 0.999998
10.65 2.25545e-06 0.999998
10.66 2.25531e-06 0.999998
10.67 2.25565e-06 0.999998
10.68 2.25545e-06 0.999998
10.69 2.25531e-06 0.999998
10.7 2.25565e-06 0.999998
10.71 2.25545e-06 0.999998
10.72 2.25531e-06 0.999998
10.73 2.25565e-06 0.999998
10.74 2.25545e-06 0.999998
10.75 2.25531e-06 0.999998
10.76 2.25565e-06 0.999998
10.77 2.25545e-06 0.999998
10.78 2.25531e-06 0.999998
10.79 2.25565e-06 0.999998
10.8 2.25545e-06 0.999998
10.81 2.25531e-06 0.999998
10.82 2.25565e-06 0.999998
10.83 2.25545e-06 0.999998
10.84 2.25531e-06 0.999998
10.85 2.25565e-06 0.999998
10.86 2.25545e-06 0.999998
10.87 2.25531e-06 0.999998
10.88 2.25565e-06 0.999998
10.89 2.25545e-06 0.999998
10.9 2.25531e-06 0.999998
10.91 2.25565e-06 0.999998
10.92 2.25545e-06 0.999998
10.93 2.25531e-06 0.999998
10.94 2.25565e-06 0.999998
10.95 2.25545e-06 0.999998
10.96 2.25531e-06 0.999998
10.97 2.25565e-06 0.999998
10.98 2.25545e-06 0.999998
10.99 2.25531e-06 0.999998
11 2.25565e-06 0.999998
11.01 2.25545e-06 0.999998
11.02 2.25531e-06 0.999998
11.03 2.25565e-06 0.999998
11.04 2.25545e-06 0.999998
11.05 2.25531e-06 0.999998
11.06 2.25565e-06 0.999998
11.07 2.25545e-06 0.999998
11.08 2.25531e-06 0.999998
11.09 2.25565e-06 0.999998
11.1 2.25545e-06 0.999998
11.11 2.25531e-06 0.999998
11.12 2.25565e-06 0.999998
11.13 2.25545e-06 0.999998
11.14 2.25531e-06 0.999998
11.15 2.25565e-06 0.999998
11.16 2.25545e-06 0.999998
11.17 2.25531e-06 0.999998
11.18 2.25565e-06 0.999998
11.19 2.25545e-06 0.999998
11.2 2.25531e-06 0.999998
11.21 2.25565e-06 0.999998
11.22 2.25545e-06 0.999998
11.23 2.25531e-06 0.999998
11.24 2.25565e-06 0.999998
11.25 2.25545e-06 0.999998
11.26 2.25531e-06 0.999998
11.27 2.25565e-06 0.999998
11.28 2.25545e-06 0.999998
11.29 2.25531e-06 0.999998
11.3 2.25565e-06 0.999998
11.31 2.25545e-06 0.999998
11.32 2.25531e-06 0.999998
11.33 2.25565e-06 0.999998
11.34 2.25545e-06 0.999998
11.35 2.25531e-06 0.999998
11.36 2.25565e-06 0.999998
11.37 2.25545e-06 0.999998
11.38 2.25531e-06 0.999998
11.39 2.25565e-06 0.999998
11.4 2.25545e-06 0.999998
11.41 2.25531e-06 0.999998
11.42 2.25565e-06 0.999998
11.43 2.25545e-06 0.999998
11.44 2.25531e-06 0.999998
11.45 2.25565e-06 0.999998
11.46 2.25545e-06 0.999998
11.47 2.25531e-06 0.999998
11.48 2.25565e-06 0.999998
11.49 2.25545e-06 0.999998
11.5 2.25531e-06 0.999998
11.51 2.25565e-06 0.999998
11.52 2.25545e-06 0.999998
11.53 2.25531e-06 0.999998
11.54 2.25565e-06 0.999998
11.55 2.25545e-06 0.999998
11.56 2.25531e-06 0.999998
11.57 2.25565e-06 0.999998
11.58 2.25545e-06 0.999998
11.59 2.25531e-06 0.999998
11.6 2.25565e-06 0.999998
11.61 2.25545e-06 0.999998
11.62 2.25531e-06 0.999998
11.63 2.25565e-06 0.999998
11.64 2.25545e-06 0.999998
11.65 2.25531e-06 0.999998
11.66 2.25565e-06 0.999998
11.67 2.25545e-06 0.999998
11.68 2.25531e-06 0.999998
11.69 2.25565e-06 0.999998
11.7 2.25545e-06 0.999998
11.71 2.25531e-06 0.999998
11.72 2.25565e-06 0.999998
11.73 2.25545e-06 0.999998
11.74 2.25531e-06 0.999998
11.75 2.25565e-06 0.999998
11.76 2.25545e-06 0.999998
11.77 2.25531e-06 0.999998
11.78 2.25565e-06 0.999998
11.79 2.25545e-06 0.999998
11.8 2.25531e-06 0.999998
11.81 2.25565e-06 0.999998
11.82 2.25545e-06 0.999998
11.83 2.25531e-06 0.999998
11.84 2.25565e-06 0.999998
11.85 2.25545e-06 0.999998
11.86 2.25531e-06 0.999998
11.87 2.25565e-06 0.999998
11.88 2.25545e-06 0.999998
11.89 2.25531e-06 0.999998
11.9 2.25565e-06 0.999998
11.91 2.25545e-06 0.999998
11.92 2.25531e-06 0.999998
11.93 2.25565e-06 0.999998
11.94 2.25545e-06 0.999998
11.95 2.25531e-06 0.999998
11.96 2.25565e-06 0.999998
11.97 2.25545e-06 0.999998
11.98 2.25531e-06 0.999998
11.99 2.25565e-06 0.999998
12 2.25545e-06 0.999998

