0.01 0.999771 0.000229283
0.02 0.997222 0.002778
0.03 0.990811 0.00918868
0.04 0.980724 0.0192758
0.05 0.967249 0.0327509
0.06 0.950756 0.0492441
0.07 0.93167 0.06833
0.08 0.910445 0.0895545
0.09 0.88754 0.11246
0.1 0.863394 0.136606
0.11 0.838415 0.161585
0.12 0.812967 0.187033
0.13 0.789274 0.210726
0.14 0.765662 0.234338
0.15 0.742308 0.257692
0.16 0.719352 0.280648
0.17 0.696907 0.303093
0.18 0.675058 0.324942
0.19 0.653866 0.346134
0.2 0.635199 0.364801
0.21 0.61713 0.38287
0.22 0.599673 0.400327
0.23 0.582829 0.417171
0.24 0.566596 0.433404
0.25 0.550967 0.449033
0.26 0.53593 0.46407
0.27 0.521471 0.478529
0.28 0.50908 0.49092
0.29 0.49712 0.50288
0.3 0.498757 0.501243
0.31 0.498986 0.501014
0.32 0.499671 0.500329
0.33 0.500807 0.499193
0.34 0.489323 0.510677
0.35 0.490837 0.509163
0.36 0.492818 0.507182
0.37 0.495249 0.504751
0.38 0.498115 0.501885
0.39 0.501395 0.498605
0.4 0.490983 0.509017
0.41 0.494459 0.505541
0.42 0.49834 0.50166
0.43 0.502599 0.497401
0.44 0.493161 0.506839
0.45 0.497502 0.502498
0.46 0.502206 0.497794
0.47 0.493528 0.506472
0.48 0.498247 0.501753
0.49 0.503309 0.496691
0.5 0.495419 0.504581
0.51 0.50043 0.49957
0.52 0.492956 0.507044
0.53 0.4979 0.5021
0.54 0.503177 0.496823
0.55 0.496538 0.503462
0.56 0.501686 0.498314
0.57 0.495441 0.504559
0.58 0.500444 0.499556
0.59 0.494595 0.505405
0.6 0.499441 0.500559
0.61 0.504621 0.495379
0.62 0.499677 0.500323
0.63 0.504643 0.495357
0.64 0.500077 0.499923
0.65 0.495341 0.504659
0.66 0.499533 0.500467
0.67 0.504088 0.495912
0.68 0.500329 0.499671
0.69 0.496365 0.503635
0.7 0.500088 0.499912
0.71 0.496532 0.503468
0.72 0.500028 0.499972
0.73 0.496884 0.503116
0.74 0.500146 0.499854
0.75 0.497414 0.502586
0.76 0.500433 0.499567
0.77 0.498116 0.501884
0.78 0.500885 0.499115
0.79 0.498985 0.501015
0.8 0.501499 0.498501
0.81 0.500016 0.499984
0.82 0.498269 0.501731
0.83 0.499839 0.500161
0.84 0.501848 0.498152
0.85 0.501224 0.498776
0.86 0.500324 0.499676
0.87 0.49915 0.50085
0.88 0.499492 0.500508
0.89 0.500288 0.499712
0.9 0.500257 0.499743
0.91 0.499948 0.500052
0.92 0.499776 0.500224
0.93 0.50006 0.49994
0.94 0.500895 0.499105
0.95 0.501454 0.498546
0.96 0.501733 0.498267
0.97 0.501733 0.498267
0.98 0.501453 0.498547
0.99 0.500893 0.499107
1 0.500057 0.499943
1.01 0.498947 0.501053
1.02 0.494033 0.505967
1.03 0.489476 0.510524
1.04 0.485306 0.514694
1.05 0.481552 0.518448
1.06 0.478242 0.521758
1.07 0.4754 0.5246
1.08 0.473049 0.526951
1.09 0.471207 0.528793
1.1 0.469889 0.530111
1.11 0.469107 0.530893
1.12 0.468866 0.531134
1.13 0.469169 0.530831
1.14 0.470015 0.529985
1.15 0.471397 0.528603
1.16 0.473304 0.526696
1.17 0.475721 0.524279
1.18 0.478629 0.521371
1.19 0.482008 0.517992
1.2 0.485831 0.514169
1.21 0.490072 0.509928
1.22 0.494701 0.505299
1.23 0.499688 0.500312
1.24 0.505 0.495
1.25 0.516744 0.483256
1.26 0.528872 0.471128
1.27 0.541393 0.458607
1.28 0.555921 0.444079
1.29 0.570955 0.429045
1.3 0.586497 0.413503
1.31 0.602544 0.397456
1.32 0.619087 0.380913
1.33 0.636112 0.363888
1.34 0.653595 0.346405
1.35 0.671505 0.328495
1.36 0.691609 0.308391
1.37 0.712102 0.287898
1.38 0.732891 0.267109
1.39 0.753858 0.246142
1.4 0.774862 0.225138
1.41 0.795736 0.204264
1.42 0.816283 0.183717
1.43 0.836283 0.163717
1.44 0.856971 0.143029
1.45 0.876396 0.123604
1.46 0.8942 0.1058
1.47 0.91002 0.0899804
1.48 0.923499 0.076501
1.49 0.93431 0.06569
1.5 0.942171 0.0578293
1.51 0.946863 0.0531368
1.52 0.94825 0.05175
1.53 0.946283 0.0537167
1.54 0.94101 0.0589905
1.55 0.932566 0.0674338
1.56 0.921172 0.0788278
1.57 0.907113 0.0928871
1.58 0.890721 0.109279
1.59 0.87236 0.12764
1.6 0.852399 0.147601
1.61 0.831203 0.168797
1.62 0.809118 0.190882
1.63 0.788158 0.211842
1.64 0.766929 0.233071
1.65 0.745625 0.254375
1.66 0.724412 0.275588
1.67 0.70343 0.29657
1.68 0.68279 0.31721
1.69 0.662584 0.337416
1.7 0.642882 0.357118
1.71 0.625442 0.374558
1.72 0.608488 0.391512
1.73 0.592041 0.407959
1.74 0.576112 0.423888
1.75 0.560705 0.439295
1.76 0.54582 0.45418
1.77 0.531455 0.468545
1.78 0.519103 0.480897
1.79 0.507149 0.492851
1.8 0.495585 0.504415
1.81 0.510173 0.489827
1.82 0.498531 0.501469
1.83 0.512977 0.487023
1.84 0.501266 0.498734
1.85 0.489935 0.510065
1.86 0.504691 0.495309
1.87 0.493274 0.506726
1.88 0.507871 0.492129
1.89 0.496377 0.503623
1.9 0.510822 0.489178
1.91 0.499261 0.500739
1.92 0.513562 0.486438
1.93 0.501942 0.498058
1.94 0.490689 0.509311
1.95 0.50528 0.49472
1.96 0.493953 0.506047
1.97 0.508383 0.491617
1.98 0.496991 0.503009
1.99 0.511269 0.488731
2 0.49982 0.50018
2.01 0.513952 0.486048
2.02 0.502455 0.497545
2.03 0.491312 0.508688
2.04 0.505706 0.494294
2.05 0.494501 0.505499
2.06 0.508734 0.491266
2.07 0.497478 0.502522
2.08 0.511556 0.488444
2.09 0.500256 0.499744
2.1 0.489295 0.510705
2.11 0.5036 0.4964
2.12 0.492585 0.507415
2.13 0.506723 0.493277
2.14 0.495664 0.504336
2.15 0.509639 0.490361
2.16 0.498545 0.501455
2.17 0.512363 0.487637
2.18 0.501242 0.498758
2.19 0.490438 0.509562
2.2 0.504444 0.495556
2.21 0.493607 0.506393
2.22 0.507444 0.492556
2.23 0.496582 0.503418
2.24 0.510254 0.489746
2.25 0.499376 0.500624
2.26 0.512886 0.487114
2.27 0.502001 0.497999
2.28 0.491407 0.508593
2.29 0.505056 0.494944
2.3 0.494452 0.505548
2.31 0.507929 0.492071
2.32 0.497324 0.502676
2.33 0.510632 0.489368
2.34 0.500034 0.499966
2.35 0.489703 0.510297
2.36 0.503098 0.496902
2.37 0.492776 0.507224
2.38 0.505995 0.494005
2.39 0.495689 0.504311
2.4 0.508732 0.491268
2.41 0.498452 0.501548
2.42 0.511318 0.488682
2.43 0.501072 0.498928
2.44 0.491055 0.508945
2.45 0.503939 0.496061
2.46 0.493963 0.506037
2.47 0.506666 0.493334
2.48 0.496738 0.503262
2.49 0.509259 0.490741
2.5 0.499388 0.500612
2.51 0.511723 0.488277
2.52 0.501916 0.498084
2.53 0.492296 0.507704
2.54 0.504566 0.495434
2.55 0.495022 0.504978
2.56 0.507107 0.492893
2.57 0.497648 0.502352
2.58 0.509542 0.490458
2.59 0.500175 0.499825
2.6 0.490959 0.509041
2.61 0.502714 0.497286
2.62 0.493606 0.506394
2.63 0.505172 0.494828
2.64 0.496181 0.503819
2.65 0.50755 0.49245
2.66 0.498682 0.501318
2.67 0.509848 0.490152
2.68 0.501111 0.498889
2.69 0.492469 0.507531
2.7 0.50339 0.49661
2.71 0.4949 0.5051
2.72 0.505622 0.494378
2.73 0.497293 0.502707
2.74 0.507808 0.492192
2.75 0.499646 0.500354
2.76 0.509944 0.490056
2.77 0.501956 0.498044
2.78 0.494002 0.505998
2.79 0.503936 0.496064
2.8 0.496183 0.503817
2.81 0.50591 0.49409
2.82 0.498365 0.501635
2.83 0.507872 0.492128
2.84 0.500541 0.499459
2.85 0.493198 0.506802
2.86 0.502251 0.497749
2.87 0.495152 0.504848
2.88 0.503994 0.496006
2.89 0.497145 0.502855
2.9 0.505765 0.494235
2.91 0.499171 0.500829
2.92 0.507556 0.492444
2.93 0.501224 0.498776
2.94 0.494812 0.505188
2.95 0.502614 0.497386
2.96 0.496495 0.503505
2.97 0.504074 0.495926
2.98 0.498253 0.501747
2.99 0.505596 0.494404
3 0.500078 0.499922
3.01 0.494437 0.505563
3.02 0.501107 0.498893
3.03 0.495799 0.504201
3.04 0.502245 0.497755
3.05 0.497275 0.502725
3.06 0.503484 0.496516
3.07 0.498856 0.501144
3.08 0.504816 0.495184
3.09 0.500535 0.499465
3.1 0.49607 0.50393
3.11 0.501241 0.498759
3.12 0.49715 0.50285
3.13 0.502083 0.497917
3.14 0.49837 0.50163
3.15 0.503054 0.496946
3.16 0.499722 0.500278
3.17 0.504148 0.495852
3.18 0.501199 0.498801
3.19 0.498017 0.501983
3.2 0.50156 0.49844
3.21 0.498784 0.501216
3.22 0.502077 0.497923
3.23 0.499708 0.500292
3.24 0.502745 0.497255
3.25 0.500786 0.499214
3.26 0.49857 0.50143
3.27 0.500676 0.499324
3.28 0.498885 0.501115
3.29 0.500741 0.499259
3.3 0.499376 0.500624
3.31 0.500977 0.499023
3.32 0.500039 0.499961
3.33 0.498829 0.501171
3.34 0.499473 0.500527
3.35 0.500568 0.499432
3.36 0.500499 0.499501
3.37 0.500151 0.499849
3.38 0.499526 0.500474
3.39 0.498944 0.501056
3.4 0.498818 0.501182
3.41 0.499149 0.500851
3.42 0.499936 0.500064
3.43 0.501172 0.498828
3.44 0.503821 0.496179
3.45 0.506219 0.493781
3.46 0.508356 0.491644
3.47 0.510221 0.489779
3.48 0.511807 0.488193
3.49 0.513106 0.486894
3.5 0.514112 0.485888
3.51 0.51482 0.48518
3.52 0.515227 0.484773
3.53 0.515331 0.484669
3.54 0.515132 0.484868
3.55 0.514629 0.485371
3.56 0.513826 0.486174
3.57 0.512725 0.487275
3.58 0.511332 0.488668
3.59 0.509654 0.490346
3.6 0.507697 0.492303
3.61 0.50547 0.49453
3.62 0.502983 0.497017
3.63 0.500246 0.499754
3.64 0.497271 0.502729
3.65 0.485209 0.514791
3.66 0.472918 0.527082
3.67 0.460423 0.539577
3.68 0.44654 0.55346
3.69 0.432508 0.567492
3.7 0.418389 0.581611
3.71 0.404259 0.595741
3.72 0.390207 0.609793
3.73 0.37633 0.62367
3.74 0.362742 0.637258
3.75 0.349565 0.650435
3.76 0.336933 0.663067
3.77 0.324082 0.675918
3.78 0.312215 0.687785
3.79 0.301518 0.698482
3.8 0.292175 0.707825
3.81 0.284356 0.715644
3.82 0.278215 0.721785
3.83 0.273877 0.726123
3.84 0.271438 0.728562
3.85 0.270951 0.729049
3.86 0.272432 0.727568
3.87 0.275853 0.724147
3.88 0.281146 0.718854
3.89 0.288203 0.711797
3.9 0.296889 0.703111
3.91 0.307042 0.692958
3.92 0.318483 0.681517
3.93 0.331024 0.668976
3.94 0.344474 0.655526
3.95 0.357585 0.642415
3.96 0.371175 0.628825
3.97 0.385112 0.614888
3.98 0.399277 0.600723
3.99 0.41356 0.58644
4 0.427866 0.572134
4.01 0.442111 0.557889
4.02 0.456225 0.543775
4.03 0.470148 0.529852
4.04 0.482633 0.517367
4.05 0.494889 0.505111
4.06 0.506892 0.493108
4.07 0.503619 0.496381
4.08 0.500118 0.499882
4.09 0.496403 0.503597
4.1 0.509588 0.490412
4.11 0.505187 0.494813
4.12 0.500599 0.499401
4.13 0.495839 0.504161
4.14 0.509938 0.490062
4.15 0.504582 0.495418
4.16 0.499085 0.500915
4.17 0.513471 0.486529
4.18 0.507439 0.492561
4.19 0.501298 0.498702
4.2 0.495066 0.504934
4.21 0.510003 0.489997
4.22 0.503327 0.496673
4.23 0.496588 0.503412
4.24 0.51157 0.48843
4.25 0.504445 0.495555
4.26 0.497285 0.502715
4.27 0.51225 0.48775
4.28 0.504759 0.495241
4.29 0.497258 0.502742
4.3 0.512158 0.487842
4.31 0.504376 0.495624
4.32 0.496606 0.503394
4.33 0.5114 0.4886
4.34 0.503396 0.496604
4.35 0.495424 0.504576
4.36 0.510078 0.489922
4.37 0.501915 0.498085
4.38 0.493799 0.506201
4.39 0.508284 0.491716
4.4 0.500017 0.499983
4.41 0.491809 0.508191
4.42 0.506101 0.493899
4.43 0.497779 0.502221
4.44 0.511699 0.488301
4.45 0.50328 0.49672
4.46 0.494925 0.505075
4.47 0.508634 0.491366
4.48 0.500217 0.499783
4.49 0.49187 0.50813
4.5 0.505349 0.494651
4.51 0.496972 0.503028
4.52 0.510113 0.489887
4.53 0.50172 0.49828
4.54 0.493392 0.506608
4.55 0.506276 0.493724
4.56 0.497963 0.502037
4.57 0.510532 0.489468
4.58 0.502247 0.497753
4.59 0.494017 0.505983
4.6 0.506297 0.493703
4.61 0.498125 0.501875
4.62 0.510109 0.489891
4.63 0.502007 0.497993
4.64 0.493946 0.506054
4.65 0.505604 0.494396
4.66 0.497643 0.502357
4.67 0.509022 0.490978
4.68 0.501171 0.498829
4.69 0.493343 0.506657
4.7 0.504354 0.495646
4.71 0.496666 0.503334
4.72 0.507414 0.492586
4.73 0.499875 0.500125
4.74 0.510354 0.489646
4.75 0.502972 0.497028
4.76 0.495576 0.504424
4.77 0.505611 0.494389
4.78 0.498405 0.501595
4.79 0.508186 0.491814
4.8 0.501177 0.498823
4.81 0.494131 0.505869
4.82 0.503419 0.496581
4.83 0.496603 0.503397
4.84 0.505649 0.494351
4.85 0.499068 0.500932
4.86 0.507864 0.492136
4.87 0.501525 0.498475
4.88 0.495106 0.504894
4.89 0.503321 0.496679
4.9 0.497176 0.502824
4.91 0.505153 0.494847
4.92 0.499289 0.500711
4.93 0.507016 0.492984
4.94 0.501437 0.498563
4.95 0.495734 0.504266
4.96 0.502794 0.497206
4.97 0.497409 0.502591
4.98 0.504231 0.495769
4.99 0.499168 0.500832
5 0.505741 0.494259
5.01 0.501005 0.498995
5.02 0.496105 0.503895
5.03 0.501927 0.498073
5.04 0.497383 0.502617
5.05 0.502967 0.497033
5.06 0.498783 0.501217
5.07 0.504119 0.495881
5.08 0.500299 0.499701
5.09 0.496277 0.503723
5.1 0.500788 0.499212
5.11 0.497156 0.502844
5.12 0.501427 0.498573
5.13 0.498188 0.501812
5.14 0.502211 0.497789
5.15 0.499367 0.500633
5.16 0.503133 0.496867
5.17 0.500687 0.499313
5.18 0.497995 0.502005
5.19 0.500852 0.499148
5.2 0.498576 0.501424
5.21 0.501184 0.498816
5.22 0.499326 0.500674
5.23 0.501679 0.498321
5.24 0.500241 0.499759
5.25 0.498536 0.501464
5.26 0.499942 0.500058
5.27 0.501791 0.498209
5.28 0.501213 0.498787
5.29 0.500359 0.499641
5.3 0.499231 0.500769
5.31 0.499409 0.500591
5.32 0.500043 0.499957
5.33 0.500059 0.499941
5.34 0.499797 0.500203
5.35 0.499464 0.500536
5.36 0.499586 0.500414
5.37 0.500163 0.499837
5.38 0.501756 0.498244
5.39 0.50308 0.49692
5.4 0.504129 0.495871
5.41 0.504898 0.495102
5.42 0.505383 0.494617
5.43 0.505582 0.494418
5.44 0.505495 0.494505
5.45 0.505121 0.494879
5.46 0.504462 0.495538
5.47 0.503521 0.496479
5.48 0.502302 0.497698
5.49 0.50081 0.49919
5.5 0.499052 0.500948
5.51 0.491082 0.508918
5.52 0.48328 0.51672
5.53 0.475688 0.524312
5.54 0.468348 0.531652
5.55 0.461307 0.538693
5.56 0.453987 0.546013
5.57 0.447142 0.552858
5.58 0.440832 0.559168
5.59 0.435119 0.564881
5.6 0.430058 0.569942
5.61 0.425703 0.574297
5.62 0.422102 0.577898
5.63 0.419296 0.580704
5.64 0.417317 0.582683
5.65 0.41619 0.58381
5.66 0.415929 0.584071
5.67 0.416538 0.583462
5.68 0.41801 0.58199
5.69 0.420329 0.579671
5.7 0.423469 0.576531
5.71 0.427396 0.572604
5.72 0.432066 0.567934
5.73 0.43743 0.56257
5.74 0.443434 0.556566
5.75 0.450018 0.549982
5.76 0.457122 0.542878
5.77 0.464683 0.535317
5.78 0.47264 0.52736
5.79 0.480189 0.519811
5.8 0.48797 0.51203
5.81 0.495941 0.504059
5.82 0.504062 0.495938
5.83 0.514272 0.485728
5.84 0.5247 0.4753
5.85 0.535339 0.464661
5.86 0.547521 0.452479
5.87 0.55994 0.44006
5.88 0.572572 0.427428
5.89 0.585393 0.414607
5.9 0.598369 0.401631
5.91 0.611462 0.388538
5.92 0.624628 0.375372
5.93 0.637815 0.362185
5.94 0.650964 0.349036
5.95 0.664009 0.335991
5.96 0.678127 0.321873
5.97 0.691924 0.308076
5.98 0.705283 0.294717
5.99 0.718077 0.281923
6 0.730176 0.269824
6.01 0.741442 0.258558
6.02 0.751737 0.248263
6.03 0.760927 0.239073
6.04 0.768883 0.231117
6.05 0.775488 0.224512
6.06 0.780638 0.219362
6.07 0.78425 0.21575
6.08 0.786264 0.213736
6.09 0.786642 0.213358
6.1 0.785377 0.214623
6.11 0.782488 0.217512
6.12 0.778018 0.221982
6.13 0.772038 0.227962
6.14 0.76464 0.23536
6.15 0.755932 0.244068
6.16 0.746039 0.253961
6.17 0.735094 0.264906
6.18 0.723236 0.276764
6.19 0.710603 0.289397
6.2 0.697333 0.302667
6.21 0.683559 0.316441
6.22 0.669405 0.330595
6.23 0.654986 0.345014
6.24 0.641727 0.358273
6.25 0.628407 0.371593
6.26 0.615088 0.384912
6.27 0.601828 0.398172
6.28 0.588674 0.411326
6.29 0.575668 0.424332
6.3 0.562845 0.437155
6.31 0.550235 0.449765
6.32 0.537862 0.462138
6.33 0.525744 0.474256
6.34 0.51519 0.48481
6.35 0.504858 0.495142
6.36 0.494754 0.505246
6.37 0.479224 0.520776
6.38 0.462991 0.537009
6.39 0.444376 0.555624
6.4 0.424866 0.575134
6.41 0.404444 0.595556
6.42 0.383101 0.616899
6.43 0.360843 0.639157
6.44 0.33769 0.66231
6.45 0.311776 0.688224
6.46 0.284963 0.715037
6.47 0.257387 0.742613
6.48 0.229236 0.770764
6.49 0.200763 0.799237
6.5 0.172293 0.827707
6.51 0.144228 0.855772
6.52 0.117444 0.882556
6.53 0.0919905 0.908009
6.54 0.0684648 0.931535
6.55 0.0475039 0.952496
6.56 0.0297549 0.970245
6.57 0.0158325 0.984167
6.58 0.00627124 0.993729
6.59 0.00147747 0.998523
6.6 0.0016886 0.998311
6.61 0.00694666 0.993053
6.62 0.0170917 0.982908
6.63 0.0317767 0.968223
6.64 0.0505004 0.9495
6.65 0.072654 0.927346
6.66 0.0975711 0.902429
6.67 0.124576 0.875424
6.68 0.153025 0.846975
6.69 0.182331 0.817669
6.7 0.211332 0.788668
6.71 0.240223 0.759777
6.72 0.268686 0.731314
6.73 0.296476 0.703524
6.74 0.323414 0.676586
6.75 0.349375 0.650625
6.76 0.372477 0.627523
6.77 0.394639 0.605361
6.78 0.415845 0.584155
6.79 0.436099 0.563901
6.8 0.455414 0.544586
6.81 0.473813 0.526187
6.82 0.489813 0.510187
6.83 0.505102 0.494898
6.84 0.494742 0.505258
6.85 0.509795 0.490205
6.86 0.499248 0.500752
6.87 0.514077 0.485923
6.88 0.503362 0.496638
6.89 0.492918 0.507082
6.9 0.507963 0.492037
6.91 0.497357 0.502643
6.92 0.51217 0.48783
6.93 0.501421 0.498579
6.94 0.490951 0.509049
6.95 0.505953 0.494047
6.96 0.495343 0.504657
6.97 0.510109 0.489891
6.98 0.499376 0.500624
6.99 0.513918 0.486082
7 0.503076 0.496924
7.01 0.492516 0.507484
7.02 0.507236 0.492764
7.03 0.496569 0.503431
7.04 0.511062 0.488938
7.05 0.500302 0.499698
7.06 0.489825 0.510175
7.07 0.504468 0.495532
7.08 0.493898 0.506102
7.09 0.508314 0.491686
7.1 0.497664 0.502336
7.11 0.511863 0.488137
7.12 0.501147 0.498853
7.13 0.490706 0.509294
7.14 0.505033 0.494967
7.15 0.494527 0.505473
7.16 0.508636 0.491364
7.17 0.498076 0.501924
7.18 0.511975 0.488025
7.19 0.501372 0.498628
7.2 0.491033 0.508967
7.21 0.505032 0.494968
7.22 0.494653 0.505347
7.23 0.50844 0.49156
7.24 0.498032 0.501968
7.25 0.511613 0.488387
7.26 0.501186 0.498814
7.27 0.491007 0.508993
7.28 0.504649 0.495351
7.29 0.494456 0.505544
7.3 0.507892 0.492108
7.31 0.497695 0.502305
7.32 0.510928 0.489072
7.33 0.500737 0.499263
7.34 0.490773 0.509227
7.35 0.504019 0.495981
7.36 0.494068 0.505932
7.37 0.507111 0.492889
7.38 0.497184 0.502816
7.39 0.510025 0.489975
7.4 0.50013 0.49987
7.41 0.490435 0.509565
7.42 0.503234 0.496766
7.43 0.493583 0.506417
7.44 0.506181 0.493819
7.45 0.496582 0.503418
7.46 0.508976 0.491024
7.47 0.499439 0.500561
7.48 0.511627 0.488373
7.49 0.50216 0.49784
7.5 0.492848 0.507152
7.51 0.504914 0.495086
7.52 0.495689 0.504311
7.53 0.507552 0.492448
7.54 0.498422 0.501578
7.55 0.510078 0.489922
7.56 0.50105 0.49895
7.57 0.492142 0.507858
7.58 0.503602 0.496398
7.59 0.494817 0.505183
7.6 0.506074 0.493926
7.61 0.497419 0.502581
7.62 0.508466 0.491534
7.63 0.49995 0.50005
7.64 0.51078 0.48922
7.65 0.502409 0.497591
7.66 0.494101 0.505899
7.67 0.504625 0.495375
7.68 0.496488 0.503512
7.69 0.506803 0.493197
7.7 0.498844 0.501156
7.71 0.50894 0.49106
7.72 0.501166 0.498834
7.73 0.493411 0.506589
7.74 0.503114 0.496886
7.75 0.495573 0.504427
7.76 0.505065 0.494935
7.77 0.497743 0.502257
7.78 0.507014 0.492986
7.79 0.499918 0.500082
7.8 0.508956 0.491044
7.81 0.502092 0.497908
7.82 0.495181 0.504819
7.83 0.503699 0.496301
7.84 0.497052 0.502948
7.85 0.505349 0.494651
7.86 0.498971 0.501029
7.87 0.507034 0.492966
7.88 0.500931 0.499069
7.89 0.494735 0.505265
7.9 0.502188 0.497812
7.91 0.496298 0.503702
7.92 0.503529 0.496471
7.93 0.49795 0.50205
7.94 0.504946 0.495054
7.95 0.499683 0.500317
7.96 0.506431 0.493569
7.97 0.501489 0.498511
7.98 0.496391 0.503609
7.99 0.502406 0.497594
8 0.497659 0.502341
8.01 0.503438 0.496562
8.02 0.499046 0.500954
8.03 0.504578 0.495422
8.04 0.500545 0.499455
8.05 0.496316 0.503684
8.06 0.501039 0.498961
8.07 0.497196 0.502804
8.08 0.501683 0.498317
8.09 0.498228 0.501772
8.1 0.502468 0.497532
8.11 0.499404 0.500596
8.12 0.503388 0.496612
8.13 0.500718 0.499282
8.14 0.497807 0.502193
8.15 0.500894 0.499106
8.16 0.498397 0.501603
8.17 0.501236 0.498764
8.18 0.499154 0.500846
8.19 0.501738 0.498262
8.2 0.500074 0.499926
8.21 0.498148 0.501852
8.22 0.499793 0.500207
8.23 0.501877 0.498123
8.24 0.501072 0.498928
8.25 0.499991 0.500009
8.26 0.501112 0.498888
8.27 0.500461 0.499539
8.28 0.499534 0.500466
8.29 0.499692 0.500308
8.3 0.500305 0.499695
8.31 0.500522 0.499478
8.32 0.50046 0.49954
8.33 0.500121 0.499879
8.34 0.499505 0.500495
8.35 0.497726 0.502274
8.36 0.496395 0.503605
8.37 0.495521 0.504479
8.38 0.495111 0.504889
8.39 0.495169 0.504831
8.4 0.495693 0.504307
8.41 0.496682 0.503318
8.42 0.498128 0.501872
8.43 0.50002 0.49998
8.44 0.505404 0.494596
8.45 0.510643 0.489357
8.46 0.515719 0.484281
8.47 0.520613 0.479387
8.48 0.525306 0.474694
8.49 0.52978 0.47022
8.5 0.534015 0.465985
8.51 0.538462 0.461538
8.52 0.54256 0.45744
8.53 0.546284 0.453716
8.54 0.54961 0.45039
8.55 0.552517 0.447483
8.56 0.554987 0.445013
8.57 0.557002 0.442998
8.58 0.558549 0.441451
8.59 0.559616 0.440384
8.6 0.560197 0.439803
8.61 0.560286 0.439714
8.62 0.559882 0.440118
8.63 0.558989 0.441011
8.64 0.557611 0.442389
8.65 0.555759 0.444241
8.66 0.553445 0.446555
8.67 0.550683 0.449317
8.68 0.547492 0.452508
8.69 0.543893 0.456107
8.7 0.539907 0.460093
8.71 0.535558 0.464442
8.72 0.530871 0.469129
8.73 0.526437 0.473563
8.74 0.521776 0.478224
8.75 0.516906 0.483094
8.76 0.511846 0.488154
8.77 0.506616 0.493384
8.78 0.501235 0.498765
8.79 0.49572 0.50428
8.8 0.480728 0.519272
8.81 0.465112 0.534888
8.82 0.447275 0.552725
8.83 0.428664 0.571336
8.84 0.409277 0.590723
8.85 0.389123 0.610877
8.86 0.368227 0.631773
8.87 0.346627 0.653373
8.88 0.324387 0.675613
8.89 0.299791 0.700209
8.9 0.274702 0.725298
8.91 0.249319 0.750681
8.92 0.223893 0.776107
8.93 0.198733 0.801267
8.94 0.174208 0.825792
8.95 0.150744 0.849256
8.96 0.128814 0.871186
8.97 0.108819 0.891181
8.98 0.0912619 0.908738
8.99 0.0766328 0.923367
9 0.0653787 0.934621
9.01 0.0578708 0.942129
9.02 0.0543738 0.945626
9.03 0.0550223 0.944978
9.04 0.0598078 0.940192
9.05 0.068579 0.931421
9.06 0.0810544 0.918946
9.07 0.0968465 0.903154
9.08 0.115493 0.884507
9.09 0.13649 0.86351
9.1 0.159323 0.840677
9.11 0.183498 0.816502
9.12 0.208509 0.791491
9.13 0.234069 0.765931
9.14 0.259811 0.740189
9.15 0.285429 0.714571
9.16 0.310676 0.689324
9.17 0.335362 0.664638
9.18 0.359344 0.640656
9.19 0.380838 0.619162
9.2 0.401586 0.598414
9.21 0.421556 0.578444
9.22 0.44073 0.55927
9.23 0.459105 0.540895
9.24 0.476689 0.523311
9.25 0.49204 0.50796
9.26 0.506761 0.493239
9.27 0.510821 0.489179
9.28 0.514662 0.485338
9.29 0.51827 0.48173
9.3 0.521629 0.478371
9.31 0.524724 0.475276
9.32 0.527541 0.472459
9.33 0.530068 0.469932
9.34 0.532292 0.467708
9.35 0.534414 0.465586
9.36 0.536128 0.463872
9.37 0.537422 0.462578
9.38 0.538287 0.461713
9.39 0.538718 0.461282
9.4 0.538712 0.461288
9.41 0.538268 0.461732
9.42 0.537389 0.462611
9.43 0.53608 0.46392
9.44 0.53435 0.46565
9.45 0.53221 0.46779
9.46 0.529671 0.470329
9.47 0.527089 0.472911
9.48 0.524216 0.475784
9.49 0.521065 0.478935
9.5 0.51765 0.48235
9.51 0.513986 0.486014
9.52 0.510089 0.489911
9.53 0.505974 0.494026
9.54 0.501658 0.498342
9.55 0.497157 0.502843
9.56 0.501942 0.498058
9.57 0.497825 0.502175
9.58 0.502378 0.497622
9.59 0.498648 0.501352
9.6 0.502961 0.497039
9.61 0.49962 0.50038
9.62 0.503683 0.496317
9.63 0.500735 0.499265
9.64 0.497554 0.502446
9.65 0.500733 0.499267
9.66 0.497966 0.502034
9.67 0.500903 0.499097
9.68 0.498551 0.501449
9.69 0.501239 0.498761
9.7 0.499304 0.500696
9.71 0.501737 0.498263
9.72 0.500221 0.499779
9.73 0.498441 0.501559
9.74 0.499929 0.500071
9.75 0.501859 0.498141
9.76 0.501203 0.498797
9.77 0.500271 0.499729
9.78 0.499066 0.500934
9.79 0.499328 0.500672
9.8 0.500045 0.499955
9.81 0.499983 0.500017
9.82 0.500443 0.499557
9.83 0.500814 0.499186
9.84 0.500907 0.499093
9.85 0.500721 0.499279
9.86 0.500256 0.499744
9.87 0.499516 0.500484
9.88 0.496874 0.503126
9.89 0.494665 0.505335
9.9 0.492903 0.507097
9.91 0.491603 0.508397
9.92 0.490774 0.509226
9.93 0.490423 0.509577
9.94 0.490552 0.509448
9.95 0.491162 0.508838
9.96 0.492247 0.507753
9.97 0.4938 0.5062
9.98 0.495811 0.504189
9.99 0.498264 0.501736
10 0.501142 0.498858
10.01 0.508905 0.491095
10.02 0.516674 0.483326
10.03 0.524431 0.475569
10.04 0.532157 0.467843
10.05 0.53983 0.46017
10.06 0.548352 0.451648
10.07 0.556744 0.443256
10.08 0.564966 0.435034
10.09 0.57298 0.42702
10.1 0.580744 0.419256
10.11 0.588215 0.411785
10.12 0.595347 0.404653
10.13 0.602095 0.397905
10.14 0.608415 0.391585
10.15 0.61426 0.38574
10.16 0.619588 0.380412
10.17 0.624357 0.375643
10.18 0.628528 0.371472
10.19 0.632067 0.367933
10.2 0.634942 0.365058
10.21 0.637128 0.362872
10.22 0.638605 0.361395
10.23 0.639358 0.360642
10.24 0.639381 0.360619
10.25 0.638673 0.361327
10.26 0.637238 0.362762
10.27 0.635091 0.364909
10.28 0.632249 0.367751
10.29 0.628737 0.371263
10.3 0.624584 0.375416
10.31 0.619826 0.380174
10.32 0.614499 0.385501
10.33 0.608646 0.391354
10.34 0.60231 0.39769
10.35 0.595535 0.404465
10.36 0.588369 0.411631
10.37 0.580856 0.419144
10.38 0.573043 0.426957
10.39 0.564973 0.435027
10.4 0.556689 0.443311
10.41 0.548232 0.451768
10.42 0.539641 0.460359
10.43 0.53095 0.46905
10.44 0.523161 0.476839
10.45 0.515342 0.484658
10.46 0.507513 0.492487
10.47 0.499693 0.500307
10.48 0.49305 0.50695
10.49 0.486668 0.513332
10.5 0.480583 0.519417
10.51 0.474836 0.525164
10.52 0.469464 0.530536
10.53 0.464505 0.535495
10.54 0.459587 0.540413
10.55 0.455255 0.544745
10.56 0.451552 0.548448
10.57 0.448513 0.551487
10.58 0.446171 0.553829
10.59 0.444551 0.555449
10.6 0.443671 0.556329
10.61 0.443541 0.556459
10.62 0.444164 0.555836
10.63 0.445532 0.554468
10.64 0.447633 0.552367
10.65 0.450445 0.549555
10.66 0.453939 0.546061
10.67 0.458081 0.541919
10.68 0.462831 0.537169
10.69 0.468144 0.531856
10.7 0.473441 0.526559
10.71 0.479129 0.520871
10.72 0.48517 0.51483
10.73 0.491523 0.508477
10.74 0.498152 0.501848
10.75 0.505018 0.494982
10.76 0.499073 0.500927
10.77 0.505729 0.494271
10.78 0.500114 0.499886
10.79 0.494381 0.505619
10.8 0.500367 0.499633
10.81 0.494993 0.505007
10.82 0.500779 0.499221
10.83 0.495768 0.504232
10.84 0.50134 0.49866
10.85 0.496694 0.503306
10.86 0.502041 0.497959
10.87 0.497765 0.502235
10.88 0.502874 0.497126
10.89 0.49897 0.50103
10.9 0.503832 0.496168
10.91 0.500304 0.499696
10.92 0.496563 0.503437
10.93 0.500579 0.499421
10.94 0.497238 0.502762
10.95 0.501015 0.498985
10.96 0.498077 0.501923
10.97 0.501607 0.498393
10.98 0.499074 0.500926
10.99 0.502349 0.497651
11 0.500223 0.499777
11.01 0.497844 0.502156
11.02 0.500196 0.499804
11.03 0.498241 0.501759
11.04 0.500345 0.499655
11.05 0.498814 0.501186
11.06 0.500665 0.499335
11.07 0.49956 0.50044
11.08 0.501153 0.498847
11.09 0.500475 0.499525
11.1 0.499522 0.500478
11.11 0.500151 0.499849
11.12 0.499631 0.500369
11.13 0.500006 0.499994
11.14 0.499919 0.500081
11.15 0.500037 0.499963
11.16 0.500383 0.499617
11.17 0.500452 0.499548
11.18 0.500242 0.499758
11.19 0.499754 0.500246
11.2 0.497484 0.502516
11.21 0.495653 0.504347
11.22 0.494274 0.505726
11.23 0.493357 0.506643
11.24 0.492911 0.507089
11.25 0.492938 0.507062
11.26 0.493438 0.506562
11.27 0.494409 0.505591
11.28 0.495843 0.504157
11.29 0.49773 0.50227
11.3 0.500057 0.499943
11.31 0.506822 0.493178
11.32 0.513525 0.486475
11.33 0.520145 0.479855
11.34 0.526662 0.473338
11.35 0.533056 0.466944
11.36 0.54006 0.45994
11.37 0.546846 0.453154
11.38 0.553381 0.446619
11.39 0.55963 0.44037
11.4 0.565558 0.434442
11.41 0.571129 0.428871
11.42 0.576308 0.423692
11.43 0.581062 0.418938
11.44 0.585358 0.414642
11.45 0.589165 0.410835
11.46 0.592456 0.407544
11.47 0.595206 0.404794
11.48 0.597392 0.402608
11.49 0.598998 0.401002
11.5 0.600011 0.399989
11.51 0.600422 0.399578
11.52 0.600227 0.399773
11.53 0.599427 0.400573
11.54 0.598028 0.401972
11.55 0.596042 0.403958
11.56 0.593483 0.406517
11.57 0.59037 0.40963
11.58 0.586727 0.413273
11.59 0.582581 0.417419
11.6 0.57796 0.42204
11.61 0.572898 0.427102
11.62 0.567426 0.432574
11.63 0.561581 0.438419
11.64 0.555397 0.444603
11.65 0.54891 0.45109
11.66 0.542156 0.457844
11.67 0.53517 0.46483
11.68 0.527985 0.472015
11.69 0.52145 0.47855
11.7 0.514806 0.485194
11.71 0.508074 0.491926
11.72 0.501273 0.498727
11.73 0.494423 0.505577
11.74 0.483282 0.516718
11.75 0.472031 0.527969
11.76 0.460704 0.539296
11.77 0.448257 0.551743
11.78 0.435832 0.564168
11.79 0.423502 0.576498
11.8 0.411348 0.588652
11.81 0.399458 0.600542
11.82 0.387931 0.612069
11.83 0.376872 0.623128
11.84 0.366391 0.633609
11.85 0.356603 0.643397
11.86 0.347623 0.652377
11.87 0.339565 0.660435
11.88 0.332031 0.667969
11.89 0.325824 0.674176
11.9 0.321052 0.678948
11.91 0.317803 0.682197
11.92 0.31614 0.68386
11.93 0.316097 0.683903
11.94 0.317678 0.682322
11.95 0.320855 0.679145
11.96 0.325573 0.674427
11.97 0.331749 0.668251
11.98 0.339276 0.660724
11.99 0.34803 0.65197
12 0.357117 0.642883

