0.01 0.00815608 0.991844
0.02 0.00457875 0.995421
0.03 0.243386 0.756614
0.04 0.246576 0.753424
0.05 0.246598 0.753402
0.06 0.246599 0.753401
0.07 0.246599 0.753401
0.08 0.246599 0.753401
0.09 0.246599 0.753401
0.1 0.246599 0.753401
0.11 0.246599 0.753401
0.12 0.246599 0.753401
0.13 0.246599 0.753401
0.14 0.246599 0.753401
0.15 0.246599 0.753401
0.16 0.246599 0.753401
0.17 0.246599 0.753401
0.18 0.246599 0.753401
0.19 0.246599 0.753401
0.2 0.246599 0.753401
0.21 0.246599 0.753401
0.22 0.246599 0.753401
0.23 0.246599 0.753401
0.24 0.246599 0.753401
0.25 0.246599 0.753401
0.26 0.246599 0.753401
0.27 0.246599 0.753401
0.28 0.246599 0.753401
0.29 0.246599 0.753401
0.3 0.246599 0.753401
0.31 0.246599 0.753401
0.32 0.246599 0.753401
0.33 0.246599 0.753401
0.34 0.246599 0.753401
0.35 0.246599 0.753401
0.36 0.246599 0.753401
0.37 0.246599 0.753401
0.38 0.246599 0.753401
0.39 0.246599 0.753401
0.4 0.246599 0.753401
0.41 0.246599 0.753401
0.42 0.246599 0.753401
0.43 0.246599 0.753401
0.44 0.246599 0.753401
0.45 0.246599 0.753401
0.46 0.246599 0.753401
0.47 0.246599 0.753401
0.48 0.246599 0.753401
0.49 0.246599 0.753401
0.5 0.246599 0.753401
0.51 0.246599 0.753401
0.52 0.246599 0.753401
0.53 0.246599 0.753401
0.54 0.246599 0.753401
0.55 0.246599 0.753401
0.56 0.246599 0.753401
0.57 0.246599 0.753401
0.58 0.246599 0.753401
0.59 0.246599 0.753401
0.6 0.246599 0.753401
0.61 0.246599 0.753401
0.62 0.246599 0.753401
0.63 0.246599 0.753401
0.64 0.246599 0.753401
0.65 0.246599 0.753401
0.66 0.246599 0.753401
0.67 0.246599 0.753401
0.68 0.246599 0.753401
0.69 0.246599 0.753401
0.7 0.246599 0.753401
0.71 0.246599 0.753401
0.72 0.246599 0.753401
0.73 0.246599 0.753401
0.74 0.246599 0.753401
0.75 0.246599 0.753401
0.76 0.246599 0.753401
0.77 0.246599 0.753401
0.78 0.246599 0.753401
0.79 0.246599 0.753401
0.8 0.246599 0.753401
0.81 0.246599 0.753401
0.82 0.246599 0.753401
0.83 0.246599 0.753401
0.84 0.246599 0.753401
0.85 0.246599 0.753401
0.86 0.246599 0.753401
0.87 0.246599 0.753401
0.88 0.246599 0.753401
0.89 0.246599 0.753401
0.9 0.246599 0.753401
0.91 0.246599 0.753401
0.92 0.246599 0.753401
0.93 0.246599 0.753401
0.94 0.246599 0.753401
0.95 0.246599 0.753401
0.96 0.246599 0.753401
0.97 0.246599 0.753401
0.98 0.246599 0.753401
0.99 0.246599 0.753401
1 0.246599 0.753401
1.01 0.246599 0.753401
1.02 0.246599 0.753401
1.03 0.246599 0.753401
1.04 0.246599 0.753401
1.05 0.246599 0.753401
1.06 0.246599 0.753401
1.07 0.246599 0.753401
1.08 0.246599 0.753401
1.09 0.246599 0.753401
1.1 0.246599 0.753401
1.11 0.246599 0.753401
1.12 0.246599 0.753401
1.13 0.246599 0.753401
1.14 0.246599 0.753401
1.15 0.246599 0.753401
1.16 0.246599 0.753401
1.17 0.246599 0.753401
1.18 0.246599 0.753401
1.19 0.246599 0.753401
1.2 0.246599 0.753401
1.21 0.246599 0.753401
1.22 0.246599 0.753401
1.23 0.246599 0.753401
1.24 0.246599 0.753401
1.25 0.246599 0.753401
1.26 0.246599 0.753401
1.27 0.246599 0.753401
1.28 0.246599 0.753401
1.29 0.246599 0.753401
1.3 0.246599 0.753401
1.31 0.246599 0.753401
1.32 0.246599 0.753401
1.33 0.246599 0.753401
1.34 0.246599 0.753401
1.35 0.246599 0.753401
1.36 0.246599 0.753401
1.37 0.246599 0.753401
1.38 0.246599 0.753401
1.39 0.246599 0.753401
1.4 0.246599 0.753401
1.41 0.246599 0.753401
1.42 0.246599 0.753401
1.43 0.246599 0.753401
1.44 0.246599 0.753401
1.45 0.246599 0.753401
1.46 0.246599 0.753401
1.47 0.246599 0.753401
1.48 0.246599 0.753401
1.49 0.246599 0.753401
1.5 0.246599 0.753401
1.51 0.246599 0.753401
1.52 0.246599 0.753401
1.53 0.246599 0.753401
1.54 0.246599 0.753401
1.55 0.246599 0.753401
1.56 0.246599 0.753401
1.57 0.246599 0.753401
1.58 0.246599 0.753401
1.59 0.246599 0.753401
1.6 0.246599 0.753401
1.61 0.246599 0.753401
1.62 0.246599 0.753401
1.63 0.246599 0.753401
1.64 0.246599 0.753401
1.65 0.246599 0.753401
1.66 0.246599 0.753401
1.67 0.246599 0.753401
1.68 0.246599 0.753401
1.69 0.246599 0.753401
1.7 0.246599 0.753401
1.71 0.246599 0.753401
1.72 0.246599 0.753401
1.73 0.246599 0.753401
1.74 0.246599 0.753401
1.75 0.246599 0.753401
1.76 0.246599 0.753401
1.77 0.246599 0.753401
1.78 0.246599 0.753401
1.79 0.246599 0.753401
1.8 0.246599 0.753401
1.81 0.246599 0.753401
1.82 0.246599 0.753401
1.83 0.246599 0.753401
1.84 0.246599 0.753401
1.85 0.246599 0.753401
1.86 0.246599 0.753401
1.87 0.246599 0.753401
1.88 0.246599 0.753401
1.89 0.246599 0.753401
1.9 0.246599 0.753401
1.91 0.246599 0.753401
1.92 0.246599 0.753401
1.93 0.246599 0.753401
1.94 0.246599 0.753401
1.95 0.246599 0.753401
1.96 0.246599 0.753401
1.97 0.246599 0.753401
1.98 0.246599 0.753401
1.99 0.246599 0.753401
2 0.246599 0.753401
2.01 0.246599 0.753401
2.02 0.246599 0.753401
2.03 0.246599 0.753401
2.04 0.246599 0.753401
2.05 0.246599 0.753401
2.06 0.246599 0.753401
2.07 0.246599 0.753401
2.08 0.246599 0.753401
2.09 0.246599 0.753401
2.1 0.246599 0.753401
2.11 0.246599 0.753401
2.12 0.246599 0.753401
2.13 0.246599 0.753401
2.14 0.246599 0.753401
2.15 0.246599 0.753401
2.16 0.246599 0.753401
2.17 0.246599 0.753401
2.18 0.246599 0.753401
2.19 0.246599 0.753401
2.2 0.246599 0.753401
2.21 0.246599 0.753401
2.22 0.246599 0.753401
2.23 0.246599 0.753401
2.24 0.246599 0.753401
2.25 0.246599 0.753401
2.26 0.246599 0.753401
2.27 0.246599 0.753401
2.28 0.246599 0.753401
2.29 0.246599 0.753401
2.3 0.246599 0.753401
2.31 0.246599 0.753401
2.32 0.246599 0.753401
2.33 0.246599 0.753401
2.34 0.246599 0.753401
2.35 0.246599 0.753401
2.36 0.246599 0.753401
2.37 0.246599 0.753401
2.38 0.246599 0.753401
2.39 0.246599 0.753401
2.4 0.246599 0.753401
2.41 0.246599 0.753401
2.42 0.246599 0.753401
2.43 0.246599 0.753401
2.44 0.246599 0.753401
2.45 0.246599 0.753401
2.46 0.246599 0.753401
2.47 0.246599 0.753401
2.48 0.246599 0.753401
2.49 0.246599 0.753401
2.5 0.246599 0.753401
2.51 0.246599 0.753401
2.52 0.246599 0.753401
2.53 0.246599 0.753401
2.54 0.246599 0.753401
2.55 0.246599 0.753401
2.56 0.246599 0.753401
2.57 0.246599 0.753401
2.58 0.246599 0.753401
2.59 0.246599 0.753401
2.6 0.246599 0.753401
2.61 0.246599 0.753401
2.62 0.246599 0.753401
2.63 0.246599 0.753401
2.64 0.246599 0.753401
2.65 0.246599 0.753401
2.66 0.246599 0.753401
2.67 0.246599 0.753401
2.68 0.246599 0.753401
2.69 0.246599 0.753401
2.7 0.246599 0.753401
2.71 0.246599 0.753401
2.72 0.246599 0.753401
2.73 0.246599 0.753401
2.74 0.246599 0.753401
2.75 0.246599 0.753401
2.76 0.246599 0.753401
2.77 0.246599 0.753401
2.78 0.246599 0.753401
2.79 0.246599 0.753401
2.8 0.246599 0.753401
2.81 0.246599 0.753401
2.82 0.246599 0.753401
2.83 0.246599 0.753401
2.84 0.246599 0.753401
2.85 0.246599 0.753401
2.86 0.246599 0.753401
2.87 0.246599 0.753401
2.88 0.246599 0.753401
2.89 0.246599 0.753401
2.9 0.246599 0.753401
2.91 0.246599 0.753401
2.92 0.246599 0.753401
2.93 0.246599 0.753401
2.94 0.246599 0.753401
2.95 0.246599 0.753401
2.96 0.246599 0.753401
2.97 0.246599 0.753401
2.98 0.246599 0.753401
2.99 0.246599 0.753401
3 0.246599 0.753401
3.01 0.246599 0.753401
3.02 0.246599 0.753401
3.03 0.246599 0.753401
3.04 0.246599 0.753401
3.05 0.246599 0.753401
3.06 0.246599 0.753401
3.07 0.246599 0.753401
3.08 0.246599 0.753401
3.09 0.246599 0.753401
3.1 0.246599 0.753401
3.11 0.246599 0.753401
3.12 0.246599 0.753401
3.13 0.246599 0.753401
3.14 0.246599 0.753401
3.15 0.246599 0.753401
3.16 0.246599 0.753401
3.17 0.246599 0.753401
3.18 0.246599 0.753401
3.19 0.246599 0.753401
3.2 0.246599 0.753401
3.21 0.246599 0.753401
3.22 0.246599 0.753401
3.23 0.246599 0.753401
3.24 0.246599 0.753401
3.25 0.246599 0.753401
3.26 0.246599 0.753401
3.27 0.246599 0.753401
3.28 0.246599 0.753401
3.29 0.246599 0.753401
3.3 0.246599 0.753401
3.31 0.246599 0.753401
3.32 0.246599 0.753401
3.33 0.246599 0.753401
3.34 0.246599 0.753401
3.35 0.246599 0.753401
3.36 0.246599 0.753401
3.37 0.246599 0.753401
3.38 0.246599 0.753401
3.39 0.246599 0.753401
3.4 0.246599 0.753401
3.41 0.246599 0.753401
3.42 0.246599 0.753401
3.43 0.246599 0.753401
3.44 0.246599 0.753401
3.45 0.246599 0.753401
3.46 0.246599 0.753401
3.47 0.246599 0.753401
3.48 0.246599 0.753401
3.49 0.246599 0.753401
3.5 0.246599 0.753401
3.51 0.246599 0.753401
3.52 0.246599 0.753401
3.53 0.246599 0.753401
3.54 0.246599 0.753401
3.55 0.246599 0.753401
3.56 0.246599 0.753401
3.57 0.246599 0.753401
3.58 0.246599 0.753401
3.59 0.246599 0.753401
3.6 0.246599 0.753401
3.61 0.246599 0.753401
3.62 0.246599 0.753401
3.63 0.246599 0.753401
3.64 0.246599 0.753401
3.65 0.246599 0.753401
3.66 0.246599 0.753401
3.67 0.246599 0.753401
3.68 0.246599 0.753401
3.69 0.246599 0.753401
3.7 0.246599 0.753401
3.71 0.246599 0.753401
3.72 0.246599 0.753401
3.73 0.246599 0.753401
3.74 0.246599 0.753401
3.75 0.246599 0.753401
3.76 0.246599 0.753401
3.77 0.246599 0.753401
3.78 0.246599 0.753401
3.79 0.246599 0.753401
3.8 0.246599 0.753401
3.81 0.246599 0.753401
3.82 0.246599 0.753401
3.83 0.246599 0.753401
3.84 0.246599 0.753401
3.85 0.246599 0.753401
3.86 0.246599 0.753401
3.87 0.246599 0.753401
3.88 0.246599 0.753401
3.89 0.246599 0.753401
3.9 0.246599 0.753401
3.91 0.246599 0.753401
3.92 0.246599 0.753401
3.93 0.246599 0.753401
3.94 0.246599 0.753401
3.95 0.246599 0.753401
3.96 0.246599 0.753401
3.97 0.246599 0.753401
3.98 0.246599 0.753401
3.99 0.246599 0.753401
4 0.246599 0.753401
4.01 0.246599 0.753401
4.02 0.246599 0.753401
4.03 0.246599 0.753401
4.04 0.246599 0.753401
4.05 0.246599 0.753401
4.06 0.246599 0.753401
4.07 0.246599 0.753401
4.08 0.246599 0.753401
4.09 0.246599 0.753401
4.1 0.246599 0.753401
4.11 0.246599 0.753401
4.12 0.246599 0.753401
4.13 0.246599 0.753401
4.14 0.246599 0.753401
4.15 0.246599 0.753401
4.16 0.246599 0.753401
4.17 0.246599 0.753401
4.18 0.246599 0.753401
4.19 0.246599 0.753401
4.2 0.246599 0.753401
4.21 0.246599 0.753401
4.22 0.246599 0.753401
4.23 0.246599 0.753401
4.24 0.246599 0.753401
4.25 0.246599 0.753401
4.26 0.246599 0.753401
4.27 0.246599 0.753401
4.28 0.246599 0.753401
4.29 0.246599 0.753401
4.3 0.246599 0.753401
4.31 0.246599 0.753401
4.32 0.246599 0.753401
4.33 0.246599 0.753401
4.34 0.246599 0.753401
4.35 0.246599 0.753401
4.36 0.246599 0.753401
4.37 0.246599 0.753401
4.38 0.246599 0.753401
4.39 0.246599 0.753401
4.4 0.246599 0.753401
4.41 0.246599 0.753401
4.42 0.246599 0.753401
4.43 0.246599 0.753401
4.44 0.246599 0.753401
4.45 0.246599 0.753401
4.46 0.246599 0.753401
4.47 0.246599 0.753401
4.48 0.246599 0.753401
4.49 0.246599 0.753401
4.5 0.246599 0.753401
4.51 0.246599 0.753401
4.52 0.246599 0.753401
4.53 0.246599 0.753401
4.54 0.246599 0.753401
4.55 0.246599 0.753401
4.56 0.246599 0.753401
4.57 0.246599 0.753401
4.58 0.246599 0.753401
4.59 0.246599 0.753401
4.6 0.246599 0.753401
4.61 0.246599 0.753401
4.62 0.246599 0.753401
4.63 0.246599 0.753401
4.64 0.246599 0.753401
4.65 0.246599 0.753401
4.66 0.246599 0.753401
4.67 0.246599 0.753401
4.68 0.246599 0.753401
4.69 0.246599 0.753401
4.7 0.246599 0.753401
4.71 0.246599 0.753401
4.72 0.246599 0.753401
4.73 0.246599 0.753401
4.74 0.246599 0.753401
4.75 0.246599 0.753401
4.76 0.246599 0.753401
4.77 0.246599 0.753401
4.78 0.246599 0.753401
4.79 0.246599 0.753401
4.8 0.246599 0.753401
4.81 0.246599 0.753401
4.82 0.246599 0.753401
4.83 0.246599 0.753401
4.84 0.246599 0.753401
4.85 0.246599 0.753401
4.86 0.246599 0.753401
4.87 0.246599 0.753401
4.88 0.246599 0.753401
4.89 0.246599 0.753401
4.9 0.246599 0.753401
4.91 0.246599 0.753401
4.92 0.246599 0.753401
4.93 0.246599 0.753401
4.94 0.246599 0.753401
4.95 0.246599 0.753401
4.96 0.246599 0.753401
4.97 0.246599 0.753401
4.98 0.246599 0.753401
4.99 0.246599 0.753401
5 0.246599 0.753401
5.01 0.246599 0.753401
5.02 0.246599 0.753401
5.03 0.246599 0.753401
5.04 0.246599 0.753401
5.05 0.246599 0.753401
5.06 0.246599 0.753401
5.07 0.246599 0.753401
5.08 0.246599 0.753401
5.09 0.246599 0.753401
5.1 0.246599 0.753401
5.11 0.246599 0.753401
5.12 0.246599 0.753401
5.13 0.246599 0.753401
5.14 0.246599 0.753401
5.15 0.246599 0.753401
5.16 0.246599 0.753401
5.17 0.246599 0.753401
5.18 0.246599 0.753401
5.19 0.246599 0.753401
5.2 0.246599 0.753401
5.21 0.246599 0.753401
5.22 0.246599 0.753401
5.23 0.246599 0.753401
5.24 0.246599 0.753401
5.25 0.246599 0.753401
5.26 0.246599 0.753401
5.27 0.246599 0.753401
5.28 0.246599 0.753401
5.29 0.246599 0.753401
5.3 0.246599 0.753401
5.31 0.246599 0.753401
5.32 0.246599 0.753401
5.33 0.246599 0.753401
5.34 0.246599 0.753401
5.35 0.246599 0.753401
5.36 0.246599 0.753401
5.37 0.246599 0.753401
5.38 0.246599 0.753401
5.39 0.246599 0.753401
5.4 0.246599 0.753401
5.41 0.246599 0.753401
5.42 0.246599 0.753401
5.43 0.246599 0.753401
5.44 0.246599 0.753401
5.45 0.246599 0.753401
5.46 0.246599 0.753401
5.47 0.246599 0.753401
5.48 0.246599 0.753401
5.49 0.246599 0.753401
5.5 0.246599 0.753401
5.51 0.246599 0.753401
5.52 0.246599 0.753401
5.53 0.246599 0.753401
5.54 0.246599 0.753401
5.55 0.246599 0.753401
5.56 0.246599 0.753401
5.57 0.246599 0.753401
5.58 0.246599 0.753401
5.59 0.246599 0.753401
5.6 0.246599 0.753401
5.61 0.246599 0.753401
5.62 0.246599 0.753401
5.63 0.246599 0.753401
5.64 0.246599 0.753401
5.65 0.246599 0.753401
5.66 0.246599 0.753401
5.67 0.246599 0.753401
5.68 0.246599 0.753401
5.69 0.246599 0.753401
5.7 0.246599 0.753401
5.71 0.246599 0.753401
5.72 0.246599 0.753401
5.73 0.246599 0.753401
5.74 0.246599 0.753401
5.75 0.246599 0.753401
5.76 0.246599 0.753401
5.77 0.246599 0.753401
5.78 0.246599 0.753401
5.79 0.246599 0.753401
5.8 0.246599 0.753401
5.81 0.246599 0.753401
5.82 0.246599 0.753401
5.83 0.246599 0.753401
5.84 0.246599 0.753401
5.85 0.246599 0.753401
5.86 0.246599 0.753401
5.87 0.246599 0.753401
5.88 0.246599 0.753401
5.89 0.246599 0.753401
5.9 0.246599 0.753401
5.91 0.246599 0.753401
5.92 0.246599 0.753401
5.93 0.246599 0.753401
5.94 0.246599 0.753401
5.95 0.246599 0.753401
5.96 0.246599 0.753401
5.97 0.246599 0.753401
5.98 0.246599 0.753401
5.99 0.246599 0.753401
6 0.246599 0.753401
6.01 0.246599 0.753401
6.02 0.246599 0.753401
6.03 0.246599 0.753401
6.04 0.246599 0.753401
6.05 0.246599 0.753401
6.06 0.246599 0.753401
6.07 0.246599 0.753401
6.08 0.246599 0.753401
6.09 0.246599 0.753401
6.1 0.246599 0.753401
6.11 0.246599 0.753401
6.12 0.246599 0.753401
6.13 0.246599 0.753401
6.14 0.246599 0.753401
6.15 0.246599 0.753401
6.16 0.246599 0.753401
6.17 0.246599 0.753401
6.18 0.246599 0.753401
6.19 0.246599 0.753401
6.2 0.246599 0.753401
6.21 0.246599 0.753401
6.22 0.246599 0.753401
6.23 0.246599 0.753401
6.24 0.246599 0.753401
6.25 0.246599 0.753401
6.26 0.246599 0.753401
6.27 0.246599 0.753401
6.28 0.246599 0.753401
6.29 0.246599 0.753401
6.3 0.246599 0.753401
6.31 0.246599 0.753401
6.32 0.246599 0.753401
6.33 0.246599 0.753401
6.34 0.246599 0.753401
6.35 0.246599 0.753401
6.36 0.246599 0.753401
6.37 0.246599 0.753401
6.38 0.246599 0.753401
6.39 0.246599 0.753401
6.4 0.246599 0.753401
6.41 0.246599 0.753401
6.42 0.246599 0.753401
6.43 0.246599 0.753401
6.44 0.246599 0.753401
6.45 0.246599 0.753401
6.46 0.246599 0.753401
6.47 0.246599 0.753401
6.48 0.246599 0.753401
6.49 0.246599 0.753401
6.5 0.246599 0.753401
6.51 0.246599 0.753401
6.52 0.246599 0.753401
6.53 0.246599 0.753401
6.54 0.246599 0.753401
6.55 0.246599 0.753401
6.56 0.246599 0.753401
6.57 0.246599 0.753401
6.58 0.246599 0.753401
6.59 0.246599 0.753401
6.6 0.246599 0.753401
6.61 0.246599 0.753401
6.62 0.246599 0.753401
6.63 0.246599 0.753401
6.64 0.246599 0.753401
6.65 0.246599 0.753401
6.66 0.246599 0.753401
6.67 0.246599 0.753401
6.68 0.246599 0.753401
6.69 0.246599 0.753401
6.7 0.246599 0.753401
6.71 0.246599 0.753401
6.72 0.246599 0.753401
6.73 0.246599 0.753401
6.74 0.246599 0.753401
6.75 0.246599 0.753401
6.76 0.246599 0.753401
6.77 0.246599 0.753401
6.78 0.246599 0.753401
6.79 0.246599 0.753401
6.8 0.246599 0.753401
6.81 0.246599 0.753401
6.82 0.246599 0.753401
6.83 0.246599 0.753401
6.84 0.246599 0.753401
6.85 0.246599 0.753401
6.86 0.246599 0.753401
6.87 0.246599 0.753401
6.88 0.246599 0.753401
6.89 0.246599 0.753401
6.9 0.246599 0.753401
6.91 0.246599 0.753401
6.92 0.246599 0.753401
6.93 0.246599 0.753401
6.94 0.246599 0.753401
6.95 0.246599 0.753401
6.96 0.246599 0.753401
6.97 0.246599 0.753401
6.98 0.246599 0.753401
6.99 0.246599 0.753401
7 0.246599 0.753401
7.01 0.246599 0.753401
7.02 0.246599 0.753401
7.03 0.246599 0.753401
7.04 0.246599 0.753401
7.05 0.246599 0.753401
7.06 0.246599 0.753401
7.07 0.246599 0.753401
7.08 0.246599 0.753401
7.09 0.246599 0.753401
7.1 0.246599 0.753401
7.11 0.246599 0.753401
7.12 0.246599 0.753401
7.13 0.246599 0.753401
7.14 0.246599 0.753401
7.15 0.246599 0.753401
7.16 0.246599 0.753401
7.17 0.246599 0.753401
7.18 0.246599 0.753401
7.19 0.246599 0.753401
7.2 0.246599 0.753401
7.21 0.246599 0.753401
7.22 0.246599 0.753401
7.23 0.246599 0.753401
7.24 0.246599 0.753401
7.25 0.246599 0.753401
7.26 0.246599 0.753401
7.27 0.246599 0.753401
7.28 0.246599 0.753401
7.29 0.246599 0.753401
7.3 0.246599 0.753401
7.31 0.246599 0.753401
7.32 0.246599 0.753401
7.33 0.246599 0.753401
7.34 0.246599 0.753401
7.35 0.246599 0.753401
7.36 0.246599 0.753401
7.37 0.246599 0.753401
7.38 0.246599 0.753401
7.39 0.246599 0.753401
7.4 0.246599 0.753401
7.41 0.246599 0.753401
7.42 0.246599 0.753401
7.43 0.246599 0.753401
7.44 0.246599 0.753401
7.45 0.246599 0.753401
7.46 0.246599 0.753401
7.47 0.246599 0.753401
7.48 0.246599 0.753401
7.49 0.246599 0.753401
7.5 0.246599 0.753401
7.51 0.246599 0.753401
7.52 0.246599 0.753401
7.53 0.246599 0.753401
7.54 0.246599 0.753401
7.55 0.246599 0.753401
7.56 0.246599 0.753401
7.57 0.246599 0.753401
7.58 0.246599 0.753401
7.59 0.246599 0.753401
7.6 0.246599 0.753401
7.61 0.246599 0.753401
7.62 0.246599 0.753401
7.63 0.246599 0.753401
7.64 0.246599 0.753401
7.65 0.246599 0.753401
7.66 0.246599 0.753401
7.67 0.246599 0.753401
7.68 0.246599 0.753401
7.69 0.246599 0.753401
7.7 0.246599 0.753401
7.71 0.246599 0.753401
7.72 0.246599 0.753401
7.73 0.246599 0.753401
7.74 0.246599 0.753401
7.75 0.246599 0.753401
7.76 0.246599 0.753401
7.77 0.246599 0.753401
7.78 0.246599 0.753401
7.79 0.246599 0.753401
7.8 0.246599 0.753401
7.81 0.246599 0.753401
7.82 0.246599 0.753401
7.83 0.246599 0.753401
7.84 0.246599 0.753401
7.85 0.246599 0.753401
7.86 0.246599 0.753401
7.87 0.246599 0.753401
7.88 0.246599 0.753401
7.89 0.246599 0.753401
7.9 0.246599 0.753401
7.91 0.246599 0.753401
7.92 0.246599 0.753401
7.93 0.246599 0.753401
7.94 0.246599 0.753401
7.95 0.246599 0.753401
7.96 0.246599 0.753401
7.97 0.246599 0.753401
7.98 0.246599 0.753401
7.99 0.246599 0.753401
8 0.246599 0.753401
8.01 0.246599 0.753401
8.02 0.246599 0.753401
8.03 0.246599 0.753401
8.04 0.246599 0.753401
8.05 0.246599 0.753401
8.06 0.246599 0.753401
8.07 0.246599 0.753401
8.08 0.246599 0.753401
8.09 0.246599 0.753401
8.1 0.246599 0.753401
8.11 0.246599 0.753401
8.12 0.246599 0.753401
8.13 0.246599 0.753401
8.14 0.246599 0.753401
8.15 0.246599 0.753401
8.16 0.246599 0.753401
8.17 0.246599 0.753401
8.18 0.246599 0.753401
8.19 0.246599 0.753401
8.2 0.246599 0.753401
8.21 0.246599 0.753401
8.22 0.246599 0.753401
8.23 0.246599 0.753401
8.24 0.246599 0.753401
8.25 0.246599 0.753401
8.26 0.246599 0.753401
8.27 0.246599 0.753401
8.28 0.246599 0.753401
8.29 0.246599 0.753401
8.3 0.246599 0.753401
8.31 0.246599 0.753401
8.32 0.246599 0.753401
8.33 0.246599 0.753401
8.34 0.246599 0.753401
8.35 0.246599 0.753401
8.36 0.246599 0.753401
8.37 0.246599 0.753401
8.38 0.246599 0.753401
8.39 0.246599 0.753401
8.4 0.246599 0.753401
8.41 0.246599 0.753401
8.42 0.246599 0.753401
8.43 0.246599 0.753401
8.44 0.246599 0.753401
8.45 0.246599 0.753401
8.46 0.246599 0.753401
8.47 0.246599 0.753401
8.48 0.246599 0.753401
8.49 0.246599 0.753401
8.5 0.246599 0.753401
8.51 0.246599 0.753401
8.52 0.246599 0.753401
8.53 0.246599 0.753401
8.54 0.246599 0.753401
8.55 0.246599 0.753401
8.56 0.246599 0.753401
8.57 0.246599 0.753401
8.58 0.246599 0.753401
8.59 0.246599 0.753401
8.6 0.246599 0.753401
8.61 0.246599 0.753401
8.62 0.246599 0.753401
8.63 0.246599 0.753401
8.64 0.246599 0.753401
8.65 0.246599 0.753401
8.66 0.246599 0.753401
8.67 0.246599 0.753401
8.68 0.246599 0.753401
8.69 0.246599 0.753401
8.7 0.246599 0.753401
8.71 0.246599 0.753401
8.72 0.246599 0.753401
8.73 0.246599 0.753401
8.74 0.246599 0.753401
8.75 0.246599 0.753401
8.76 0.246599 0.753401
8.77 0.246599 0.753401
8.78 0.246599 0.753401
8.79 0.246599 0.753401
8.8 0.246599 0.753401
8.81 0.246599 0.753401
8.82 0.246599 0.753401
8.83 0.246599 0.753401
8.84 0.246599 0.753401
8.85 0.246599 0.753401
8.86 0.246599 0.753401
8.87 0.246599 0.753401
8.88 0.246599 0.753401
8.89 0.246599 0.753401
8.9 0.246599 0.753401
8.91 0.246599 0.753401
8.92 0.246599 0.753401
8.93 0.246599 0.753401
8.94 0.246599 0.753401
8.95 0.246599 0.753401
8.96 0.246599 0.753401
8.97 0.246599 0.753401
8.98 0.246599 0.753401
8.99 0.246599 0.753401
9 0.246599 0.753401
9.01 0.246599 0.753401
9.02 0.246599 0.753401
9.03 0.246599 0.753401
9.04 0.246599 0.753401
9.05 0.246599 0.753401
9.06 0.246599 0.753401
9.07 0.246599 0.753401
9.08 0.246599 0.753401
9.09 0.246599 0.753401
9.1 0.246599 0.753401
9.11 0.246599 0.753401
9.12 0.246599 0.753401
9.13 0.246599 0.753401
9.14 0.246599 0.753401
9.15 0.246599 0.753401
9.16 0.246599 0.753401
9.17 0.246599 0.753401
9.18 0.246599 0.753401
9.19 0.246599 0.753401
9.2 0.246599 0.753401
9.21 0.246599 0.753401
9.22 0.246599 0.753401
9.23 0.246599 0.753401
9.24 0.246599 0.753401
9.25 0.246599 0.753401
9.26 0.246599 0.753401
9.27 0.246599 0.753401
9.28 0.246599 0.753401
9.29 0.246599 0.753401
9.3 0.246599 0.753401
9.31 0.246599 0.753401
9.32 0.246599 0.753401
9.33 0.246599 0.753401
9.34 0.246599 0.753401
9.35 0.246599 0.753401
9.36 0.246599 0.753401
9.37 0.246599 0.753401
9.38 0.246599 0.753401
9.39 0.246599 0.753401
9.4 0.246599 0.753401
9.41 0.246599 0.753401
9.42 0.246599 0.753401
9.43 0.246599 0.753401
9.44 0.246599 0.753401
9.45 0.246599 0.753401
9.46 0.246599 0.753401
9.47 0.246599 0.753401
9.48 0.246599 0.753401
9.49 0.246599 0.753401
9.5 0.246599 0.753401
9.51 0.246599 0.753401
9.52 0.246599 0.753401
9.53 0.246599 0.753401
9.54 0.246599 0.753401
9.55 0.246599 0.753401
9.56 0.246599 0.753401
9.57 0.246599 0.753401
9.58 0.246599 0.753401
9.59 0.246599 0.753401
9.6 0.246599 0.753401
9.61 0.246599 0.753401
9.62 0.246599 0.753401
9.63 0.246599 0.753401
9.64 0.246599 0.753401
9.65 0.246599 0.753401
9.66 0.246599 0.753401
9.67 0.246599 0.753401
9.68 0.246599 0.753401
9.69 0.246599 0.753401
9.7 0.246599 0.753401
9.71 0.246599 0.753401
9.72 0.246599 0.753401
9.73 0.246599 0.753401
9.74 0.246599 0.753401
9.75 0.246599 0.753401
9.76 0.246599 0.753401
9.77 0.246599 0.753401
9.78 0.246599 0.753401
9.79 0.246599 0.753401
9.8 0.246599 0.753401
9.81 0.246599 0.753401
9.82 0.246599 0.753401
9.83 0.246599 0.753401
9.84 0.246599 0.753401
9.85 0.246599 0.753401
9.86 0.246599 0.753401
9.87 0.246599 0.753401
9.88 0.246599 0.753401
9.89 0.246599 0.753401
9.9 0.246599 0.753401
9.91 0.246599 0.753401
9.92 0.246599 0.753401
9.93 0.246599 0.753401
9.94 0.246599 0.753401
9.95 0.246599 0.753401
9.96 0.246599 0.753401
9.97 0.246599 0.753401
9.98 0.246599 0.753401
9.99 0.246599 0.753401
10 0.246599 0.753401
10.01 0.246599 0.753401
10.02 0.246599 0.753401
10.03 0.246599 0.753401
10.04 0.246599 0.753401
10.05 0.246599 0.753401
10.06 0.246599 0.753401
10.07 0.246599 0.753401
10.08 0.246599 0.753401
10.09 0.246599 0.753401
10.1 0.246599 0.753401
10.11 0.246599 0.753401
10.12 0.246599 0.753401
10.13 0.246599 0.753401
10.14 0.246599 0.753401
10.15 0.246599 0.753401
10.16 0.246599 0.753401
10.17 0.246599 0.753401
10.18 0.246599 0.753401
10.19 0.246599 0.753401
10.2 0.246599 0.753401
10.21 0.246599 0.753401
10.22 0.246599 0.753401
10.23 0.246599 0.753401
10.24 0.246599 0.753401
10.25 0.246599 0.753401
10.26 0.246599 0.753401
10.27 0.246599 0.753401
10.28 0.246599 0.753401
10.29 0.246599 0.753401
10.3 0.246599 0.753401
10.31 0.246599 0.753401
10.32 0.246599 0.753401
10.33 0.246599 0.753401
10.34 0.246599 0.753401
10.35 0.246599 0.753401
10.36 0.246599 0.753401
10.37 0.246599 0.753401
10.38 0.246599 0.753401
10.39 0.246599 0.753401
10.4 0.246599 0.753401
10.41 0.246599 0.753401
10.42 0.246599 0.753401
10.43 0.246599 0.753401
10.44 0.246599 0.753401
10.45 0.246599 0.753401
10.46 0.246599 0.753401
10.47 0.246599 0.753401
10.48 0.246599 0.753401
10.49 0.246599 0.753401
10.5 0.246599 0.753401
10.51 0.246599 0.753401
10.52 0.246599 0.753401
10.53 0.246599 0.753401
10.54 0.246599 0.753401
10.55 0.246599 0.753401
10.56 0.246599 0.753401
10.57 0.246599 0.753401
10.58 0.246599 0.753401
10.59 0.246599 0.753401
10.6 0.246599 0.753401
10.61 0.246599 0.753401
10.62 0.246599 0.753401
10.63 0.246599 0.753401
10.64 0.246599 0.753401
10.65 0.246599 0.753401
10.66 0.246599 0.753401
10.67 0.246599 0.753401
10.68 0.246599 0.753401
10.69 0.246599 0.753401
10.7 0.246599 0.753401
10.71 0.246599 0.753401
10.72 0.246599 0.753401
10.73 0.246599 0.753401
10.74 0.246599 0.753401
10.75 0.246599 0.753401
10.76 0.246599 0.753401
10.77 0.246599 0.753401
10.78 0.246599 0.753401
10.79 0.246599 0.753401
10.8 0.246599 0.753401
10.81 0.246599 0.753401
10.82 0.246599 0.753401
10.83 0.246599 0.753401
10.84 0.246599 0.753401
10.85 0.246599 0.753401
10.86 0.246599 0.753401
10.87 0.246599 0.753401
10.88 0.246599 0.753401
10.89 0.246599 0.753401
10.9 0.246599 0.753401
10.91 0.246599 0.753401
10.92 0.246599 0.753401
10.93 0.246599 0.753401
10.94 0.246599 0.753401
10.95 0.246599 0.753401
10.96 0.246599 0.753401
10.97 0.246599 0.753401
10.98 0.246599 0.753401
10.99 0.246599 0.753401
11 0.246599 0.753401
11.01 0.246599 0.753401
11.02 0.246599 0.753401
11.03 0.246599 0.753401
11.04 0.246599 0.753401
11.05 0.246599 0.753401
11.06 0.246599 0.753401
11.07 0.246599 0.753401
11.08 0.246599 0.753401
11.09 0.246599 0.753401
11.1 0.246599 0.753401
11.11 0.246599 0.753401
11.12 0.246599 0.753401
11.13 0.246599 0.753401
11.14 0.246599 0.753401
11.15 0.246599 0.753401
11.16 0.246599 0.753401
11.17 0.246599 0.753401
11.18 0.246599 0.753401
11.19 0.246599 0.753401
11.2 0.246599 0.753401
11.21 0.246599 0.753401
11.22 0.246599 0.753401
11.23 0.246599 0.753401
11.24 0.246599 0.753401
11.25 0.246599 0.753401
11.26 0.246599 0.753401
11.27 0.246599 0.753401
11.28 0.246599 0.753401
11.29 0.246599 0.753401
11.3 0.246599 0.753401
11.31 0.246599 0.753401
11.32 0.246599 0.753401
11.33 0.246599 0.753401
11.34 0.246599 0.753401
11.35 0.246599 0.753401
11.36 0.246599 0.753401
11.37 0.246599 0.753401
11.38 0.246599 0.753401
11.39 0.246599 0.753401
11.4 0.246599 0.753401
11.41 0.246599 0.753401
11.42 0.246599 0.753401
11.43 0.246599 0.753401
11.44 0.246599 0.753401
11.45 0.246599 0.753401
11.46 0.246599 0.753401
11.47 0.246599 0.753401
11.48 0.246599 0.753401
11.49 0.246599 0.753401
11.5 0.246599 0.753401
11.51 0.246599 0.753401
11.52 0.246599 0.753401
11.53 0.246599 0.753401
11.54 0.246599 0.753401
11.55 0.246599 0.753401
11.56 0.246599 0.753401
11.57 0.246599 0.753401
11.58 0.246599 0.753401
11.59 0.246599 0.753401
11.6 0.246599 0.753401
11.61 0.246599 0.753401
11.62 0.246599 0.753401
11.63 0.246599 0.753401
11.64 0.246599 0.753401
11.65 0.246599 0.753401
11.66 0.246599 0.753401
11.67 0.246599 0.753401
11.68 0.246599 0.753401
11.69 0.246599 0.753401
11.7 0.246599 0.753401
11.71 0.246599 0.753401
11.72 0.246599 0.753401
11.73 0.246599 0.753401
11.74 0.246599 0.753401
11.75 0.246599 0.753401
11.76 0.246599 0.753401
11.77 0.246599 0.753401
11.78 0.246599 0.753401
11.79 0.246599 0.753401
11.8 0.246599 0.753401
11.81 0.246599 0.753401
11.82 0.246599 0.753401
11.83 0.246599 0.753401
11.84 0.246599 0.753401
11.85 0.246599 0.753401
11.86 0.246599 0.753401
11.87 0.246599 0.753401
11.88 0.246599 0.753401
11.89 0.246599 0.753401
11.9 0.246599 0.753401
11.91 0.246599 0.753401
11.92 0.246599 0.753401
11.93 0.246599 0.753401
11.94 0.246599 0.753401
11.95 0.246599 0.753401
11.96 0.246599 0.753401
11.97 0.246599 0.753401
11.98 0.246599 0.753401
11.99 0.246599 0.753401
12 0.246599 0.753401

