0.01 0.0573668 0.942633
0.02 0.00138469 0.998615
0.03 1.39587e-06 0.999999
0.04 1.22389e-06 0.999999
0.05 1.25046e-06 0.999999
0.06 1.25076e-06 0.999999
0.07 1.25076e-06 0.999999
0.08 1.25076e-06 0.999999
0.09 1.25076e-06 0.999999
0.1 1.25076e-06 0.999999
0.11 1.25076e-06 0.999999
0.12 1.25076e-06 0.999999
0.13 1.25076e-06 0.999999
0.14 1.25076e-06 0.999999
0.15 1.25076e-06 0.999999
0.16 1.25076e-06 0.999999
0.17 1.25076e-06 0.999999
0.18 1.25076e-06 0.999999
0.19 1.25076e-06 0.999999
0.2 1.25076e-06 0.999999
0.21 1.25076e-06 0.999999
0.22 1.25076e-06 0.999999
0.23 1.25076e-06 0.999999
0.24 1.25076e-06 0.999999
0.25 1.25076e-06 0.999999
0.26 1.25076e-06 0.999999
0.27 1.25076e-06 0.999999
0.28 1.25076e-06 0.999999
0.29 1.25076e-06 0.999999
0.3 1.25076e-06 0.999999
0.31 1.25076e-06 0.999999
0.32 1.25076e-06 0.999999
0.33 1.25076e-06 0.999999
0.34 1.25076e-06 0.999999
0.35 1.25076e-06 0.999999
0.36 1.25076e-06 0.999999
0.37 1.25076e-06 0.999999
0.38 1.25076e-06 0.999999
0.39 1.25076e-06 0.999999
0.4 1.25076e-06 0.999999
0.41 1.25076e-06 0.999999
0.42 1.25076e-06 0.999999
0.43 1.25076e-06 0.999999
0.44 1.25076e-06 0.999999
0.45 1.25076e-06 0.999999
0.46 1.25076e-06 0.999999
0.47 1.25076e-06 0.999999
0.48 1.25076e-06 0.999999
0.49 1.25076e-06 0.999999
0.5 1.25076e-06 0.999999
0.51 1.25076e-06 0.999999
0.52 1.25076e-06 0.999999
0.53 1.25076e-06 0.999999
0.54 1.25076e-06 0.999999
0.55 1.25076e-06 0.999999
0.56 1.25076e-06 0.999999
0.57 1.25076e-06 0.999999
0.58 1.25076e-06 0.999999
0.59 1.25076e-06 0.999999
0.6 1.25076e-06 0.999999
0.61 1.25076e-06 0.999999
0.62 1.25076e-06 0.999999
0.63 1.25076e-06 0.999999
0.64 1.25076e-06 0.999999
0.65 1.25076e-06 0.999999
0.66 1.25076e-06 0.999999
0.67 1.25076e-06 0.999999
0.68 1.25076e-06 0.999999
0.69 1.25076e-06 0.999999
0.7 1.25076e-06 0.999999
0.71 1.25076e-06 0.999999
0.72 1.25076e-06 0.999999
0.73 1.25076e-06 0.999999
0.74 1.25076e-06 0.999999
0.75 1.25076e-06 0.999999
0.76 1.25076e-06 0.999999
0.77 1.25076e-06 0.999999
0.78 1.25076e-06 0.999999
0.79 1.25076e-06 0.999999
0.8 1.25076e-06 0.999999
0.81 1.25076e-06 0.999999
0.82 1.25076e-06 0.999999
0.83 1.25076e-06 0.999999
0.84 1.25076e-06 0.999999
0.85 1.25076e-06 0.999999
0.86 1.25076e-06 0.999999
0.87 1.25076e-06 0.999999
0.88 1.25076e-06 0.999999
0.89 1.25076e-06 0.999999
0.9 1.25076e-06 0.999999
0.91 1.25076e-06 0.999999
0.92 1.25076e-06 0.999999
0.93 1.25076e-06 0.999999
0.94 1.25076e-06 0.999999
0.95 1.25076e-06 0.999999
0.96 1.25076e-06 0.999999
0.97 1.25076e-06 0.999999
0.98 1.25076e-06 0.999999
0.99 1.25076e-06 0.999999
1 1.25076e-06 0.999999
1.01 1.25076e-06 0.999999
1.02 1.25076e-06 0.999999
1.03 1.25076e-06 0.999999
1.04 1.25076e-06 0.999999
1.05 1.25076e-06 0.999999
1.06 1.25076e-06 0.999999
1.07 1.25076e-06 0.999999
1.08 1.25076e-06 0.999999
1.09 1.25076e-06 0.999999
1.1 1.25076e-06 0.999999
1.11 1.25076e-06 0.999999
1.12 1.25076e-06 0.999999
1.13 1.25076e-06 0.999999
1.14 1.25076e-06 0.999999
1.15 1.25076e-06 0.999999
1.16 1.25076e-06 0.999999
1.17 1.25076e-06 0.999999
1.18 1.25076e-06 0.999999
1.19 1.25076e-06 0.999999
1.2 1.25076e-06 0.999999
1.21 1.25076e-06 0.999999
1.22 1.25076e-06 0.999999
1.23 1.25076e-06 0.999999
1.24 1.25076e-06 0.999999
1.25 1.25076e-06 0.999999
1.26 1.25076e-06 0.999999
1.27 1.25076e-06 0.999999
1.28 1.25076e-06 0.999999
1.29 1.25076e-06 0.999999
1.3 1.25076e-06 0.999999
1.31 1.25076e-06 0.999999
1.32 1.25076e-06 0.999999
1.33 1.25076e-06 0.999999
1.34 1.25076e-06 0.999999
1.35 1.25076e-06 0.999999
1.36 1.25076e-06 0.999999
1.37 1.25076e-06 0.999999
1.38 1.25076e-06 0.999999
1.39 1.25076e-06 0.999999
1.4 1.25076e-06 0.999999
1.41 1.25076e-06 0.999999
1.42 1.25076e-06 0.999999
1.43 1.25076e-06 0.999999
1.44 1.25076e-06 0.999999
1.45 1.25076e-06 0.999999
1.46 1.25076e-06 0.999999
1.47 1.25076e-06 0.999999
1.48 1.25076e-06 0.999999
1.49 1.25076e-06 0.999999
1.5 1.25076e-06 0.999999
1.51 1.25076e-06 0.999999
1.52 1.25076e-06 0.999999
1.53 1.25076e-06 0.999999
1.54 1.25076e-06 0.999999
1.55 1.25076e-06 0.999999
1.56 1.25076e-06 0.999999
1.57 1.25076e-06 0.999999
1.58 1.25076e-06 0.999999
1.59 1.25076e-06 0.999999
1.6 1.25076e-06 0.999999
1.61 1.25076e-06 0.999999
1.62 1.25076e-06 0.999999
1.63 1.25076e-06 0.999999
1.64 1.25076e-06 0.999999
1.65 1.25076e-06 0.999999
1.66 1.25076e-06 0.999999
1.67 1.25076e-06 0.999999
1.68 1.25076e-06 0.999999
1.69 1.25076e-06 0.999999
1.7 1.25076e-06 0.999999
1.71 1.25076e-06 0.999999
1.72 1.25076e-06 0.999999
1.73 1.25076e-06 0.999999
1.74 1.25076e-06 0.999999
1.75 1.25076e-06 0.999999
1.76 1.25076e-06 0.999999
1.77 1.25076e-06 0.999999
1.78 1.25076e-06 0.999999
1.79 1.25076e-06 0.999999
1.8 1.25076e-06 0.999999
1.81 1.25076e-06 0.999999
1.82 1.25076e-06 0.999999
1.83 1.25076e-06 0.999999
1.84 1.25076e-06 0.999999
1.85 1.25076e-06 0.999999
1.86 1.25076e-06 0.999999
1.87 1.25076e-06 0.999999
1.88 1.25076e-06 0.999999
1.89 1.25076e-06 0.999999
1.9 1.25076e-06 0.999999
1.91 1.25076e-06 0.999999
1.92 1.25076e-06 0.999999
1.93 1.25076e-06 0.999999
1.94 1.25076e-06 0.999999
1.95 1.25076e-06 0.999999
1.96 1.25076e-06 0.999999
1.97 1.25076e-06 0.999999
1.98 1.25076e-06 0.999999
1.99 1.25076e-06 0.999999
2 1.25076e-06 0.999999
2.01 1.25076e-06 0.999999
2.02 1.25076e-06 0.999999
2.03 1.25076e-06 0.999999
2.04 1.25076e-06 0.999999
2.05 1.25076e-06 0.999999
2.06 1.25076e-06 0.999999
2.07 1.25076e-06 0.999999
2.08 1.25076e-06 0.999999
2.09 1.25076e-06 0.999999
2.1 1.25076e-06 0.999999
2.11 1.25076e-06 0.999999
2.12 1.25076e-06 0.999999
2.13 1.25076e-06 0.999999
2.14 1.25076e-06 0.999999
2.15 1.25076e-06 0.999999
2.16 1.25076e-06 0.999999
2.17 1.25076e-06 0.999999
2.18 1.25076e-06 0.999999
2.19 1.25076e-06 0.999999
2.2 1.25076e-06 0.999999
2.21 1.25076e-06 0.999999
2.22 1.25076e-06 0.999999
2.23 1.25076e-06 0.999999
2.24 1.25076e-06 0.999999
2.25 1.25076e-06 0.999999
2.26 1.25076e-06 0.999999
2.27 1.25076e-06 0.999999
2.28 1.25076e-06 0.999999
2.29 1.25076e-06 0.999999
2.3 1.25076e-06 0.999999
2.31 1.25076e-06 0.999999
2.32 1.25076e-06 0.999999
2.33 1.25076e-06 0.999999
2.34 1.25076e-06 0.999999
2.35 1.25076e-06 0.999999
2.36 1.25076e-06 0.999999
2.37 1.25076e-06 0.999999
2.38 1.25076e-06 0.999999
2.39 1.25076e-06 0.999999
2.4 1.25076e-06 0.999999
2.41 1.25076e-06 0.999999
2.42 1.25076e-06 0.999999
2.43 1.25076e-06 0.999999
2.44 1.25076e-06 0.999999
2.45 1.25076e-06 0.999999
2.46 1.25076e-06 0.999999
2.47 1.25076e-06 0.999999
2.48 1.25076e-06 0.999999
2.49 1.25076e-06 0.999999
2.5 1.25076e-06 0.999999
2.51 1.25076e-06 0.999999
2.52 1.25076e-06 0.999999
2.53 1.25076e-06 0.999999
2.54 1.25076e-06 0.999999
2.55 1.25076e-06 0.999999
2.56 1.25076e-06 0.999999
2.57 1.25076e-06 0.999999
2.58 1.25076e-06 0.999999
2.59 1.25076e-06 0.999999
2.6 1.25076e-06 0.999999
2.61 1.25076e-06 0.999999
2.62 1.25076e-06 0.999999
2.63 1.25076e-06 0.999999
2.64 1.25076e-06 0.999999
2.65 1.25076e-06 0.999999
2.66 1.25076e-06 0.999999
2.67 1.25076e-06 0.999999
2.68 1.25076e-06 0.999999
2.69 1.25076e-06 0.999999
2.7 1.25076e-06 0.999999
2.71 1.25076e-06 0.999999
2.72 1.25076e-06 0.999999
2.73 1.25076e-06 0.999999
2.74 1.25076e-06 0.999999
2.75 1.25076e-06 0.999999
2.76 1.25076e-06 0.999999
2.77 1.25076e-06 0.999999
2.78 1.25076e-06 0.999999
2.79 1.25076e-06 0.999999
2.8 1.25076e-06 0.999999
2.81 1.25076e-06 0.999999
2.82 1.25076e-06 0.999999
2.83 1.25076e-06 0.999999
2.84 1.25076e-06 0.999999
2.85 1.25076e-06 0.999999
2.86 1.25076e-06 0.999999
2.87 1.25076e-06 0.999999
2.88 1.25076e-06 0.999999
2.89 1.25076e-06 0.999999
2.9 1.25076e-06 0.999999
2.91 1.25076e-06 0.999999
2.92 1.25076e-06 0.999999
2.93 1.25076e-06 0.999999
2.94 1.25076e-06 0.999999
2.95 1.25076e-06 0.999999
2.96 1.25076e-06 0.999999
2.97 1.25076e-06 0.999999
2.98 1.25076e-06 0.999999
2.99 1.25076e-06 0.999999
3 1.25076e-06 0.999999
3.01 1.25076e-06 0.999999
3.02 1.25076e-06 0.999999
3.03 1.25076e-06 0.999999
3.04 1.25076e-06 0.999999
3.05 1.25076e-06 0.999999
3.06 1.25076e-06 0.999999
3.07 1.25076e-06 0.999999
3.08 1.25076e-06 0.999999
3.09 1.25076e-06 0.999999
3.1 1.25076e-06 0.999999
3.11 1.25076e-06 0.999999
3.12 1.25076e-06 0.999999
3.13 1.25076e-06 0.999999
3.14 1.25076e-06 0.999999
3.15 1.25076e-06 0.999999
3.16 1.25076e-06 0.999999
3.17 1.25076e-06 0.999999
3.18 1.25076e-06 0.999999
3.19 1.25076e-06 0.999999
3.2 1.25076e-06 0.999999
3.21 1.25076e-06 0.999999
3.22 1.25076e-06 0.999999
3.23 1.25076e-06 0.999999
3.24 1.25076e-06 0.999999
3.25 1.25076e-06 0.999999
3.26 1.25076e-06 0.999999
3.27 1.25076e-06 0.999999
3.28 1.25076e-06 0.999999
3.29 1.25076e-06 0.999999
3.3 1.25076e-06 0.999999
3.31 1.25076e-06 0.999999
3.32 1.25076e-06 0.999999
3.33 1.25076e-06 0.999999
3.34 1.25076e-06 0.999999
3.35 1.25076e-06 0.999999
3.36 1.25076e-06 0.999999
3.37 1.25076e-06 0.999999
3.38 1.25076e-06 0.999999
3.39 1.25076e-06 0.999999
3.4 1.25076e-06 0.999999
3.41 1.25076e-06 0.999999
3.42 1.25076e-06 0.999999
3.43 1.25076e-06 0.999999
3.44 1.25076e-06 0.999999
3.45 1.25076e-06 0.999999
3.46 1.25076e-06 0.999999
3.47 1.25076e-06 0.999999
3.48 1.25076e-06 0.999999
3.49 1.25076e-06 0.999999
3.5 1.25076e-06 0.999999
3.51 1.25076e-06 0.999999
3.52 1.25076e-06 0.999999
3.53 1.25076e-06 0.999999
3.54 1.25076e-06 0.999999
3.55 1.25076e-06 0.999999
3.56 1.25076e-06 0.999999
3.57 1.25076e-06 0.999999
3.58 1.25076e-06 0.999999
3.59 1.25076e-06 0.999999
3.6 1.25076e-06 0.999999
3.61 1.25076e-06 0.999999
3.62 1.25076e-06 0.999999
3.63 1.25076e-06 0.999999
3.64 1.25076e-06 0.999999
3.65 1.25076e-06 0.999999
3.66 1.25076e-06 0.999999
3.67 1.25076e-06 0.999999
3.68 1.25076e-06 0.999999
3.69 1.25076e-06 0.999999
3.7 1.25076e-06 0.999999
3.71 1.25076e-06 0.999999
3.72 1.25076e-06 0.999999
3.73 1.25076e-06 0.999999
3.74 1.25076e-06 0.999999
3.75 1.25076e-06 0.999999
3.76 1.25076e-06 0.999999
3.77 1.25076e-06 0.999999
3.78 1.25076e-06 0.999999
3.79 1.25076e-06 0.999999
3.8 1.25076e-06 0.999999
3.81 1.25076e-06 0.999999
3.82 1.25076e-06 0.999999
3.83 1.25076e-06 0.999999
3.84 1.25076e-06 0.999999
3.85 1.25076e-06 0.999999
3.86 1.25076e-06 0.999999
3.87 1.25076e-06 0.999999
3.88 1.25076e-06 0.999999
3.89 1.25076e-06 0.999999
3.9 1.25076e-06 0.999999
3.91 1.25076e-06 0.999999
3.92 1.25076e-06 0.999999
3.93 1.25076e-06 0.999999
3.94 1.25076e-06 0.999999
3.95 1.25076e-06 0.999999
3.96 1.25076e-06 0.999999
3.97 1.25076e-06 0.999999
3.98 1.25076e-06 0.999999
3.99 1.25076e-06 0.999999
4 1.25076e-06 0.999999
4.01 1.25076e-06 0.999999
4.02 1.25076e-06 0.999999
4.03 1.25076e-06 0.999999
4.04 1.25076e-06 0.999999
4.05 1.25076e-06 0.999999
4.06 1.25076e-06 0.999999
4.07 1.25076e-06 0.999999
4.08 1.25076e-06 0.999999
4.09 1.25076e-06 0.999999
4.1 1.25076e-06 0.999999
4.11 1.25076e-06 0.999999
4.12 1.25076e-06 0.999999
4.13 1.25076e-06 0.999999
4.14 1.25076e-06 0.999999
4.15 1.25076e-06 0.999999
4.16 1.25076e-06 0.999999
4.17 1.25076e-06 0.999999
4.18 1.25076e-06 0.999999
4.19 1.25076e-06 0.999999
4.2 1.25076e-06 0.999999
4.21 1.25076e-06 0.999999
4.22 1.25076e-06 0.999999
4.23 1.25076e-06 0.999999
4.24 1.25076e-06 0.999999
4.25 1.25076e-06 0.999999
4.26 1.25076e-06 0.999999
4.27 1.25076e-06 0.999999
4.28 1.25076e-06 0.999999
4.29 1.25076e-06 0.999999
4.3 1.25076e-06 0.999999
4.31 1.25076e-06 0.999999
4.32 1.25076e-06 0.999999
4.33 1.25076e-06 0.999999
4.34 1.25076e-06 0.999999
4.35 1.25076e-06 0.999999
4.36 1.25076e-06 0.999999
4.37 1.25076e-06 0.999999
4.38 1.25076e-06 0.999999
4.39 1.25076e-06 0.999999
4.4 1.25076e-06 0.999999
4.41 1.25076e-06 0.999999
4.42 1.25076e-06 0.999999
4.43 1.25076e-06 0.999999
4.44 1.25076e-06 0.999999
4.45 1.25076e-06 0.999999
4.46 1.25076e-06 0.999999
4.47 1.25076e-06 0.999999
4.48 1.25076e-06 0.999999
4.49 1.25076e-06 0.999999
4.5 1.25076e-06 0.999999
4.51 1.25076e-06 0.999999
4.52 1.25076e-06 0.999999
4.53 1.25076e-06 0.999999
4.54 1.25076e-06 0.999999
4.55 1.25076e-06 0.999999
4.56 1.25076e-06 0.999999
4.57 1.25076e-06 0.999999
4.58 1.25076e-06 0.999999
4.59 1.25076e-06 0.999999
4.6 1.25076e-06 0.999999
4.61 1.25076e-06 0.999999
4.62 1.25076e-06 0.999999
4.63 1.25076e-06 0.999999
4.64 1.25076e-06 0.999999
4.65 1.25076e-06 0.999999
4.66 1.25076e-06 0.999999
4.67 1.25076e-06 0.999999
4.68 1.25076e-06 0.999999
4.69 1.25076e-06 0.999999
4.7 1.25076e-06 0.999999
4.71 1.25076e-06 0.999999
4.72 1.25076e-06 0.999999
4.73 1.25076e-06 0.999999
4.74 1.25076e-06 0.999999
4.75 1.25076e-06 0.999999
4.76 1.25076e-06 0.999999
4.77 1.25076e-06 0.999999
4.78 1.25076e-06 0.999999
4.79 1.25076e-06 0.999999
4.8 1.25076e-06 0.999999
4.81 1.25076e-06 0.999999
4.82 1.25076e-06 0.999999
4.83 1.25076e-06 0.999999
4.84 1.25076e-06 0.999999
4.85 1.25076e-06 0.999999
4.86 1.25076e-06 0.999999
4.87 1.25076e-06 0.999999
4.88 1.25076e-06 0.999999
4.89 1.25076e-06 0.999999
4.9 1.25076e-06 0.999999
4.91 1.25076e-06 0.999999
4.92 1.25076e-06 0.999999
4.93 1.25076e-06 0.999999
4.94 1.25076e-06 0.999999
4.95 1.25076e-06 0.999999
4.96 1.25076e-06 0.999999
4.97 1.25076e-06 0.999999
4.98 1.25076e-06 0.999999
4.99 1.25076e-06 0.999999
5 1.25076e-06 0.999999
5.01 1.25076e-06 0.999999
5.02 1.25076e-06 0.999999
5.03 1.25076e-06 0.999999
5.04 1.25076e-06 0.999999
5.05 1.25076e-06 0.999999
5.06 1.25076e-06 0.999999
5.07 1.25076e-06 0.999999
5.08 1.25076e-06 0.999999
5.09 1.25076e-06 0.999999
5.1 1.25076e-06 0.999999
5.11 1.25076e-06 0.999999
5.12 1.25076e-06 0.999999
5.13 1.25076e-06 0.999999
5.14 1.25076e-06 0.999999
5.15 1.25076e-06 0.999999
5.16 1.25076e-06 0.999999
5.17 1.25076e-06 0.999999
5.18 1.25076e-06 0.999999
5.19 1.25076e-06 0.999999
5.2 1.25076e-06 0.999999
5.21 1.25076e-06 0.999999
5.22 1.25076e-06 0.999999
5.23 1.25076e-06 0.999999
5.24 1.25076e-06 0.999999
5.25 1.25076e-06 0.999999
5.26 1.25076e-06 0.999999
5.27 1.25076e-06 0.999999
5.28 1.25076e-06 0.999999
5.29 1.25076e-06 0.999999
5.3 1.25076e-06 0.999999
5.31 1.25076e-06 0.999999
5.32 1.25076e-06 0.999999
5.33 1.25076e-06 0.999999
5.34 1.25076e-06 0.999999
5.35 1.25076e-06 0.999999
5.36 1.25076e-06 0.999999
5.37 1.25076e-06 0.999999
5.38 1.25076e-06 0.999999
5.39 1.25076e-06 0.999999
5.4 1.25076e-06 0.999999
5.41 1.25076e-06 0.999999
5.42 1.25076e-06 0.999999
5.43 1.25076e-06 0.999999
5.44 1.25076e-06 0.999999
5.45 1.25076e-06 0.999999
5.46 1.25076e-06 0.999999
5.47 1.25076e-06 0.999999
5.48 1.25076e-06 0.999999
5.49 1.25076e-06 0.999999
5.5 1.25076e-06 0.999999
5.51 1.25076e-06 0.999999
5.52 1.25076e-06 0.999999
5.53 1.25076e-06 0.999999
5.54 1.25076e-06 0.999999
5.55 1.25076e-06 0.999999
5.56 1.25076e-06 0.999999
5.57 1.25076e-06 0.999999
5.58 1.25076e-06 0.999999
5.59 1.25076e-06 0.999999
5.6 1.25076e-06 0.999999
5.61 1.25076e-06 0.999999
5.62 1.25076e-06 0.999999
5.63 1.25076e-06 0.999999
5.64 1.25076e-06 0.999999
5.65 1.25076e-06 0.999999
5.66 1.25076e-06 0.999999
5.67 1.25076e-06 0.999999
5.68 1.25076e-06 0.999999
5.69 1.25076e-06 0.999999
5.7 1.25076e-06 0.999999
5.71 1.25076e-06 0.999999
5.72 1.25076e-06 0.999999
5.73 1.25076e-06 0.999999
5.74 1.25076e-06 0.999999
5.75 1.25076e-06 0.999999
5.76 1.25076e-06 0.999999
5.77 1.25076e-06 0.999999
5.78 1.25076e-06 0.999999
5.79 1.25076e-06 0.999999
5.8 1.25076e-06 0.999999
5.81 1.25076e-06 0.999999
5.82 1.25076e-06 0.999999
5.83 1.25076e-06 0.999999
5.84 1.25076e-06 0.999999
5.85 1.25076e-06 0.999999
5.86 1.25076e-06 0.999999
5.87 1.25076e-06 0.999999
5.88 1.25076e-06 0.999999
5.89 1.25076e-06 0.999999
5.9 1.25076e-06 0.999999
5.91 1.25076e-06 0.999999
5.92 1.25076e-06 0.999999
5.93 1.25076e-06 0.999999
5.94 1.25076e-06 0.999999
5.95 1.25076e-06 0.999999
5.96 1.25076e-06 0.999999
5.97 1.25076e-06 0.999999
5.98 1.25076e-06 0.999999
5.99 1.25076e-06 0.999999
6 1.25076e-06 0.999999
6.01 1.25076e-06 0.999999
6.02 1.25076e-06 0.999999
6.03 1.25076e-06 0.999999
6.04 1.25076e-06 0.999999
6.05 1.25076e-06 0.999999
6.06 1.25076e-06 0.999999
6.07 1.25076e-06 0.999999
6.08 1.25076e-06 0.999999
6.09 1.25076e-06 0.999999
6.1 1.25076e-06 0.999999
6.11 1.25076e-06 0.999999
6.12 1.25076e-06 0.999999
6.13 1.25076e-06 0.999999
6.14 1.25076e-06 0.999999
6.15 1.25076e-06 0.999999
6.16 1.25076e-06 0.999999
6.17 1.25076e-06 0.999999
6.18 1.25076e-06 0.999999
6.19 1.25076e-06 0.999999
6.2 1.25076e-06 0.999999
6.21 1.25076e-06 0.999999
6.22 1.25076e-06 0.999999
6.23 1.25076e-06 0.999999
6.24 1.25076e-06 0.999999
6.25 1.25076e-06 0.999999
6.26 1.25076e-06 0.999999
6.27 1.25076e-06 0.999999
6.28 1.25076e-06 0.999999
6.29 1.25076e-06 0.999999
6.3 1.25076e-06 0.999999
6.31 1.25076e-06 0.999999
6.32 1.25076e-06 0.999999
6.33 1.25076e-06 0.999999
6.34 1.25076e-06 0.999999
6.35 1.25076e-06 0.999999
6.36 1.25076e-06 0.999999
6.37 1.25076e-06 0.999999
6.38 1.25076e-06 0.999999
6.39 1.25076e-06 0.999999
6.4 1.25076e-06 0.999999
6.41 1.25076e-06 0.999999
6.42 1.25076e-06 0.999999
6.43 1.25076e-06 0.999999
6.44 1.25076e-06 0.999999
6.45 1.25076e-06 0.999999
6.46 1.25076e-06 0.999999
6.47 1.25076e-06 0.999999
6.48 1.25076e-06 0.999999
6.49 1.25076e-06 0.999999
6.5 1.25076e-06 0.999999
6.51 1.25076e-06 0.999999
6.52 1.25076e-06 0.999999
6.53 1.25076e-06 0.999999
6.54 1.25076e-06 0.999999
6.55 1.25076e-06 0.999999
6.56 1.25076e-06 0.999999
6.57 1.25076e-06 0.999999
6.58 1.25076e-06 0.999999
6.59 1.25076e-06 0.999999
6.6 1.25076e-06 0.999999
6.61 1.25076e-06 0.999999
6.62 1.25076e-06 0.999999
6.63 1.25076e-06 0.999999
6.64 1.25076e-06 0.999999
6.65 1.25076e-06 0.999999
6.66 1.25076e-06 0.999999
6.67 1.25076e-06 0.999999
6.68 1.25076e-06 0.999999
6.69 1.25076e-06 0.999999
6.7 1.25076e-06 0.999999
6.71 1.25076e-06 0.999999
6.72 1.25076e-06 0.999999
6.73 1.25076e-06 0.999999
6.74 1.25076e-06 0.999999
6.75 1.25076e-06 0.999999
6.76 1.25076e-06 0.999999
6.77 1.25076e-06 0.999999
6.78 1.25076e-06 0.999999
6.79 1.25076e-06 0.999999
6.8 1.25076e-06 0.999999
6.81 1.25076e-06 0.999999
6.82 1.25076e-06 0.999999
6.83 1.25076e-06 0.999999
6.84 1.25076e-06 0.999999
6.85 1.25076e-06 0.999999
6.86 1.25076e-06 0.999999
6.87 1.25076e-06 0.999999
6.88 1.25076e-06 0.999999
6.89 1.25076e-06 0.999999
6.9 1.25076e-06 0.999999
6.91 1.25076e-06 0.999999
6.92 1.25076e-06 0.999999
6.93 1.25076e-06 0.999999
6.94 1.25076e-06 0.999999
6.95 1.25076e-06 0.999999
6.96 1.25076e-06 0.999999
6.97 1.25076e-06 0.999999
6.98 1.25076e-06 0.999999
6.99 1.25076e-06 0.999999
7 1.25076e-06 0.999999
7.01 1.25076e-06 0.999999
7.02 1.25076e-06 0.999999
7.03 1.25076e-06 0.999999
7.04 1.25076e-06 0.999999
7.05 1.25076e-06 0.999999
7.06 1.25076e-06 0.999999
7.07 1.25076e-06 0.999999
7.08 1.25076e-06 0.999999
7.09 1.25076e-06 0.999999
7.1 1.25076e-06 0.999999
7.11 1.25076e-06 0.999999
7.12 1.25076e-06 0.999999
7.13 1.25076e-06 0.999999
7.14 1.25076e-06 0.999999
7.15 1.25076e-06 0.999999
7.16 1.25076e-06 0.999999
7.17 1.25076e-06 0.999999
7.18 1.25076e-06 0.999999
7.19 1.25076e-06 0.999999
7.2 1.25076e-06 0.999999
7.21 1.25076e-06 0.999999
7.22 1.25076e-06 0.999999
7.23 1.25076e-06 0.999999
7.24 1.25076e-06 0.999999
7.25 1.25076e-06 0.999999
7.26 1.25076e-06 0.999999
7.27 1.25076e-06 0.999999
7.28 1.25076e-06 0.999999
7.29 1.25076e-06 0.999999
7.3 1.25076e-06 0.999999
7.31 1.25076e-06 0.999999
7.32 1.25076e-06 0.999999
7.33 1.25076e-06 0.999999
7.34 1.25076e-06 0.999999
7.35 1.25076e-06 0.999999
7.36 1.25076e-06 0.999999
7.37 1.25076e-06 0.999999
7.38 1.25076e-06 0.999999
7.39 1.25076e-06 0.999999
7.4 1.25076e-06 0.999999
7.41 1.25076e-06 0.999999
7.42 1.25076e-06 0.999999
7.43 1.25076e-06 0.999999
7.44 1.25076e-06 0.999999
7.45 1.25076e-06 0.999999
7.46 1.25076e-06 0.999999
7.47 1.25076e-06 0.999999
7.48 1.25076e-06 0.999999
7.49 1.25076e-06 0.999999
7.5 1.25076e-06 0.999999
7.51 1.25076e-06 0.999999
7.52 1.25076e-06 0.999999
7.53 1.25076e-06 0.999999
7.54 1.25076e-06 0.999999
7.55 1.25076e-06 0.999999
7.56 1.25076e-06 0.999999
7.57 1.25076e-06 0.999999
7.58 1.25076e-06 0.999999
7.59 1.25076e-06 0.999999
7.6 1.25076e-06 0.999999
7.61 1.25076e-06 0.999999
7.62 1.25076e-06 0.999999
7.63 1.25076e-06 0.999999
7.64 1.25076e-06 0.999999
7.65 1.25076e-06 0.999999
7.66 1.25076e-06 0.999999
7.67 1.25076e-06 0.999999
7.68 1.25076e-06 0.999999
7.69 1.25076e-06 0.999999
7.7 1.25076e-06 0.999999
7.71 1.25076e-06 0.999999
7.72 1.25076e-06 0.999999
7.73 1.25076e-06 0.999999
7.74 1.25076e-06 0.999999
7.75 1.25076e-06 0.999999
7.76 1.25076e-06 0.999999
7.77 1.25076e-06 0.999999
7.78 1.25076e-06 0.999999
7.79 1.25076e-06 0.999999
7.8 1.25076e-06 0.999999
7.81 1.25076e-06 0.999999
7.82 1.25076e-06 0.999999
7.83 1.25076e-06 0.999999
7.84 1.25076e-06 0.999999
7.85 1.25076e-06 0.999999
7.86 1.25076e-06 0.999999
7.87 1.25076e-06 0.999999
7.88 1.25076e-06 0.999999
7.89 1.25076e-06 0.999999
7.9 1.25076e-06 0.999999
7.91 1.25076e-06 0.999999
7.92 1.25076e-06 0.999999
7.93 1.25076e-06 0.999999
7.94 1.25076e-06 0.999999
7.95 1.25076e-06 0.999999
7.96 1.25076e-06 0.999999
7.97 1.25076e-06 0.999999
7.98 1.25076e-06 0.999999
7.99 1.25076e-06 0.999999
8 1.25076e-06 0.999999
8.01 1.25076e-06 0.999999
8.02 1.25076e-06 0.999999
8.03 1.25076e-06 0.999999
8.04 1.25076e-06 0.999999
8.05 1.25076e-06 0.999999
8.06 1.25076e-06 0.999999
8.07 1.25076e-06 0.999999
8.08 1.25076e-06 0.999999
8.09 1.25076e-06 0.999999
8.1 1.25076e-06 0.999999
8.11 1.25076e-06 0.999999
8.12 1.25076e-06 0.999999
8.13 1.25076e-06 0.999999
8.14 1.25076e-06 0.999999
8.15 1.25076e-06 0.999999
8.16 1.25076e-06 0.999999
8.17 1.25076e-06 0.999999
8.18 1.25076e-06 0.999999
8.19 1.25076e-06 0.999999
8.2 1.25076e-06 0.999999
8.21 1.25076e-06 0.999999
8.22 1.25076e-06 0.999999
8.23 1.25076e-06 0.999999
8.24 1.25076e-06 0.999999
8.25 1.25076e-06 0.999999
8.26 1.25076e-06 0.999999
8.27 1.25076e-06 0.999999
8.28 1.25076e-06 0.999999
8.29 1.25076e-06 0.999999
8.3 1.25076e-06 0.999999
8.31 1.25076e-06 0.999999
8.32 1.25076e-06 0.999999
8.33 1.25076e-06 0.999999
8.34 1.25076e-06 0.999999
8.35 1.25076e-06 0.999999
8.36 1.25076e-06 0.999999
8.37 1.25076e-06 0.999999
8.38 1.25076e-06 0.999999
8.39 1.25076e-06 0.999999
8.4 1.25076e-06 0.999999
8.41 1.25076e-06 0.999999
8.42 1.25076e-06 0.999999
8.43 1.25076e-06 0.999999
8.44 1.25076e-06 0.999999
8.45 1.25076e-06 0.999999
8.46 1.25076e-06 0.999999
8.47 1.25076e-06 0.999999
8.48 1.25076e-06 0.999999
8.49 1.25076e-06 0.999999
8.5 1.25076e-06 0.999999
8.51 1.25076e-06 0.999999
8.52 1.25076e-06 0.999999
8.53 1.25076e-06 0.999999
8.54 1.25076e-06 0.999999
8.55 1.25076e-06 0.999999
8.56 1.25076e-06 0.999999
8.57 1.25076e-06 0.999999
8.58 1.25076e-06 0.999999
8.59 1.25076e-06 0.999999
8.6 1.25076e-06 0.999999
8.61 1.25076e-06 0.999999
8.62 1.25076e-06 0.999999
8.63 1.25076e-06 0.999999
8.64 1.25076e-06 0.999999
8.65 1.25076e-06 0.999999
8.66 1.25076e-06 0.999999
8.67 1.25076e-06 0.999999
8.68 1.25076e-06 0.999999
8.69 1.25076e-06 0.999999
8.7 1.25076e-06 0.999999
8.71 1.25076e-06 0.999999
8.72 1.25076e-06 0.999999
8.73 1.25076e-06 0.999999
8.74 1.25076e-06 0.999999
8.75 1.25076e-06 0.999999
8.76 1.25076e-06 0.999999
8.77 1.25076e-06 0.999999
8.78 1.25076e-06 0.999999
8.79 1.25076e-06 0.999999
8.8 1.25076e-06 0.999999
8.81 1.25076e-06 0.999999
8.82 1.25076e-06 0.999999
8.83 1.25076e-06 0.999999
8.84 1.25076e-06 0.999999
8.85 1.25076e-06 0.999999
8.86 1.25076e-06 0.999999
8.87 1.25076e-06 0.999999
8.88 1.25076e-06 0.999999
8.89 1.25076e-06 0.999999
8.9 1.25076e-06 0.999999
8.91 1.25076e-06 0.999999
8.92 1.25076e-06 0.999999
8.93 1.25076e-06 0.999999
8.94 1.25076e-06 0.999999
8.95 1.25076e-06 0.999999
8.96 1.25076e-06 0.999999
8.97 1.25076e-06 0.999999
8.98 1.25076e-06 0.999999
8.99 1.25076e-06 0.999999
9 1.25076e-06 0.999999
9.01 1.25076e-06 0.999999
9.02 1.25076e-06 0.999999
9.03 1.25076e-06 0.999999
9.04 1.25076e-06 0.999999
9.05 1.25076e-06 0.999999
9.06 1.25076e-06 0.999999
9.07 1.25076e-06 0.999999
9.08 1.25076e-06 0.999999
9.09 1.25076e-06 0.999999
9.1 1.25076e-06 0.999999
9.11 1.25076e-06 0.999999
9.12 1.25076e-06 0.999999
9.13 1.25076e-06 0.999999
9.14 1.25076e-06 0.999999
9.15 1.25076e-06 0.999999
9.16 1.25076e-06 0.999999
9.17 1.25076e-06 0.999999
9.18 1.25076e-06 0.999999
9.19 1.25076e-06 0.999999
9.2 1.25076e-06 0.999999
9.21 1.25076e-06 0.999999
9.22 1.25076e-06 0.999999
9.23 1.25076e-06 0.999999
9.24 1.25076e-06 0.999999
9.25 1.25076e-06 0.999999
9.26 1.25076e-06 0.999999
9.27 1.25076e-06 0.999999
9.28 1.25076e-06 0.999999
9.29 1.25076e-06 0.999999
9.3 1.25076e-06 0.999999
9.31 1.25076e-06 0.999999
9.32 1.25076e-06 0.999999
9.33 1.25076e-06 0.999999
9.34 1.25076e-06 0.999999
9.35 1.25076e-06 0.999999
9.36 1.25076e-06 0.999999
9.37 1.25076e-06 0.999999
9.38 1.25076e-06 0.999999
9.39 1.25076e-06 0.999999
9.4 1.25076e-06 0.999999
9.41 1.25076e-06 0.999999
9.42 1.25076e-06 0.999999
9.43 1.25076e-06 0.999999
9.44 1.25076e-06 0.999999
9.45 1.25076e-06 0.999999
9.46 1.25076e-06 0.999999
9.47 1.25076e-06 0.999999
9.48 1.25076e-06 0.999999
9.49 1.25076e-06 0.999999
9.5 1.25076e-06 0.999999
9.51 1.25076e-06 0.999999
9.52 1.25076e-06 0.999999
9.53 1.25076e-06 0.999999
9.54 1.25076e-06 0.999999
9.55 1.25076e-06 0.999999
9.56 1.25076e-06 0.999999
9.57 1.25076e-06 0.999999
9.58 1.25076e-06 0.999999
9.59 1.25076e-06 0.999999
9.6 1.25076e-06 0.999999
9.61 1.25076e-06 0.999999
9.62 1.25076e-06 0.999999
9.63 1.25076e-06 0.999999
9.64 1.25076e-06 0.999999
9.65 1.25076e-06 0.999999
9.66 1.25076e-06 0.999999
9.67 1.25076e-06 0.999999
9.68 1.25076e-06 0.999999
9.69 1.25076e-06 0.999999
9.7 1.25076e-06 0.999999
9.71 1.25076e-06 0.999999
9.72 1.25076e-06 0.999999
9.73 1.25076e-06 0.999999
9.74 1.25076e-06 0.999999
9.75 1.25076e-06 0.999999
9.76 1.25076e-06 0.999999
9.77 1.25076e-06 0.999999
9.78 1.25076e-06 0.999999
9.79 1.25076e-06 0.999999
9.8 1.25076e-06 0.999999
9.81 1.25076e-06 0.999999
9.82 1.25076e-06 0.999999
9.83 1.25076e-06 0.999999
9.84 1.25076e-06 0.999999
9.85 1.25076e-06 0.999999
9.86 1.25076e-06 0.999999
9.87 1.25076e-06 0.999999
9.88 1.25076e-06 0.999999
9.89 1.25076e-06 0.999999
9.9 1.25076e-06 0.999999
9.91 1.25076e-06 0.999999
9.92 1.25076e-06 0.999999
9.93 1.25076e-06 0.999999
9.94 1.25076e-06 0.999999
9.95 1.25076e-06 0.999999
9.96 1.25076e-06 0.999999
9.97 1.25076e-06 0.999999
9.98 1.25076e-06 0.999999
9.99 1.25076e-06 0.999999
10 1.25076e-06 0.999999
10.01 1.25076e-06 0.999999
10.02 1.25076e-06 0.999999
10.03 1.25076e-06 0.999999
10.04 1.25076e-06 0.999999
10.05 1.25076e-06 0.999999
10.06 1.25076e-06 0.999999
10.07 1.25076e-06 0.999999
10.08 1.25076e-06 0.999999
10.09 1.25076e-06 0.999999
10.1 1.25076e-06 0.999999
10.11 1.25076e-06 0.999999
10.12 1.25076e-06 0.999999
10.13 1.25076e-06 0.999999
10.14 1.25076e-06 0.999999
10.15 1.25076e-06 0.999999
10.16 1.25076e-06 0.999999
10.17 1.25076e-06 0.999999
10.18 1.25076e-06 0.999999
10.19 1.25076e-06 0.999999
10.2 1.25076e-06 0.999999
10.21 1.25076e-06 0.999999
10.22 1.25076e-06 0.999999
10.23 1.25076e-06 0.999999
10.24 1.25076e-06 0.999999
10.25 1.25076e-06 0.999999
10.26 1.25076e-06 0.999999
10.27 1.25076e-06 0.999999
10.28 1.25076e-06 0.999999
10.29 1.25076e-06 0.999999
10.3 1.25076e-06 0.999999
10.31 1.25076e-06 0.999999
10.32 1.25076e-06 0.999999
10.33 1.25076e-06 0.999999
10.34 1.25076e-06 0.999999
10.35 1.25076e-06 0.999999
10.36 1.25076e-06 0.999999
10.37 1.25076e-06 0.999999
10.38 1.25076e-06 0.999999
10.39 1.25076e-06 0.999999
10.4 1.25076e-06 0.999999
10.41 1.25076e-06 0.999999
10.42 1.25076e-06 0.999999
10.43 1.25076e-06 0.999999
10.44 1.25076e-06 0.999999
10.45 1.25076e-06 0.999999
10.46 1.25076e-06 0.999999
10.47 1.25076e-06 0.999999
10.48 1.25076e-06 0.999999
10.49 1.25076e-06 0.999999
10.5 1.25076e-06 0.999999
10.51 1.25076e-06 0.999999
10.52 1.25076e-06 0.999999
10.53 1.25076e-06 0.999999
10.54 1.25076e-06 0.999999
10.55 1.25076e-06 0.999999
10.56 1.25076e-06 0.999999
10.57 1.25076e-06 0.999999
10.58 1.25076e-06 0.999999
10.59 1.25076e-06 0.999999
10.6 1.25076e-06 0.999999
10.61 1.25076e-06 0.999999
10.62 1.25076e-06 0.999999
10.63 1.25076e-06 0.999999
10.64 1.25076e-06 0.999999
10.65 1.25076e-06 0.999999
10.66 1.25076e-06 0.999999
10.67 1.25076e-06 0.999999
10.68 1.25076e-06 0.999999
10.69 1.25076e-06 0.999999
10.7 1.25076e-06 0.999999
10.71 1.25076e-06 0.999999
10.72 1.25076e-06 0.999999
10.73 1.25076e-06 0.999999
10.74 1.25076e-06 0.999999
10.75 1.25076e-06 0.999999
10.76 1.25076e-06 0.999999
10.77 1.25076e-06 0.999999
10.78 1.25076e-06 0.999999
10.79 1.25076e-06 0.999999
10.8 1.25076e-06 0.999999
10.81 1.25076e-06 0.999999
10.82 1.25076e-06 0.999999
10.83 1.25076e-06 0.999999
10.84 1.25076e-06 0.999999
10.85 1.25076e-06 0.999999
10.86 1.25076e-06 0.999999
10.87 1.25076e-06 0.999999
10.88 1.25076e-06 0.999999
10.89 1.25076e-06 0.999999
10.9 1.25076e-06 0.999999
10.91 1.25076e-06 0.999999
10.92 1.25076e-06 0.999999
10.93 1.25076e-06 0.999999
10.94 1.25076e-06 0.999999
10.95 1.25076e-06 0.999999
10.96 1.25076e-06 0.999999
10.97 1.25076e-06 0.999999
10.98 1.25076e-06 0.999999
10.99 1.25076e-06 0.999999
11 1.25076e-06 0.999999
11.01 1.25076e-06 0.999999
11.02 1.25076e-06 0.999999
11.03 1.25076e-06 0.999999
11.04 1.25076e-06 0.999999
11.05 1.25076e-06 0.999999
11.06 1.25076e-06 0.999999
11.07 1.25076e-06 0.999999
11.08 1.25076e-06 0.999999
11.09 1.25076e-06 0.999999
11.1 1.25076e-06 0.999999
11.11 1.25076e-06 0.999999
11.12 1.25076e-06 0.999999
11.13 1.25076e-06 0.999999
11.14 1.25076e-06 0.999999
11.15 1.25076e-06 0.999999
11.16 1.25076e-06 0.999999
11.17 1.25076e-06 0.999999
11.18 1.25076e-06 0.999999
11.19 1.25076e-06 0.999999
11.2 1.25076e-06 0.999999
11.21 1.25076e-06 0.999999
11.22 1.25076e-06 0.999999
11.23 1.25076e-06 0.999999
11.24 1.25076e-06 0.999999
11.25 1.25076e-06 0.999999
11.26 1.25076e-06 0.999999
11.27 1.25076e-06 0.999999
11.28 1.25076e-06 0.999999
11.29 1.25076e-06 0.999999
11.3 1.25076e-06 0.999999
11.31 1.25076e-06 0.999999
11.32 1.25076e-06 0.999999
11.33 1.25076e-06 0.999999
11.34 1.25076e-06 0.999999
11.35 1.25076e-06 0.999999
11.36 1.25076e-06 0.999999
11.37 1.25076e-06 0.999999
11.38 1.25076e-06 0.999999
11.39 1.25076e-06 0.999999
11.4 1.25076e-06 0.999999
11.41 1.25076e-06 0.999999
11.42 1.25076e-06 0.999999
11.43 1.25076e-06 0.999999
11.44 1.25076e-06 0.999999
11.45 1.25076e-06 0.999999
11.46 1.25076e-06 0.999999
11.47 1.25076e-06 0.999999
11.48 1.25076e-06 0.999999
11.49 1.25076e-06 0.999999
11.5 1.25076e-06 0.999999
11.51 1.25076e-06 0.999999
11.52 1.25076e-06 0.999999
11.53 1.25076e-06 0.999999
11.54 1.25076e-06 0.999999
11.55 1.25076e-06 0.999999
11.56 1.25076e-06 0.999999
11.57 1.25076e-06 0.999999
11.58 1.25076e-06 0.999999
11.59 1.25076e-06 0.999999
11.6 1.25076e-06 0.999999
11.61 1.25076e-06 0.999999
11.62 1.25076e-06 0.999999
11.63 1.25076e-06 0.999999
11.64 1.25076e-06 0.999999
11.65 1.25076e-06 0.999999
11.66 1.25076e-06 0.999999
11.67 1.25076e-06 0.999999
11.68 1.25076e-06 0.999999
11.69 1.25076e-06 0.999999
11.7 1.25076e-06 0.999999
11.71 1.25076e-06 0.999999
11.72 1.25076e-06 0.999999
11.73 1.25076e-06 0.999999
11.74 1.25076e-06 0.999999
11.75 1.25076e-06 0.999999
11.76 1.25076e-06 0.999999
11.77 1.25076e-06 0.999999
11.78 1.25076e-06 0.999999
11.79 1.25076e-06 0.999999
11.8 1.25076e-06 0.999999
11.81 1.25076e-06 0.999999
11.82 1.25076e-06 0.999999
11.83 1.25076e-06 0.999999
11.84 1.25076e-06 0.999999
11.85 1.25076e-06 0.999999
11.86 1.25076e-06 0.999999
11.87 1.25076e-06 0.999999
11.88 1.25076e-06 0.999999
11.89 1.25076e-06 0.999999
11.9 1.25076e-06 0.999999
11.91 1.25076e-06 0.999999
11.92 1.25076e-06 0.999999
11.93 1.25076e-06 0.999999
11.94 1.25076e-06 0.999999
11.95 1.25076e-06 0.999999
11.96 1.25076e-06 0.999999
11.97 1.25076e-06 0.999999
11.98 1.25076e-06 0.999999
11.99 1.25076e-06 0.999999
12 1.25076e-06 0.999999

