0.01 0.00110989 0.99889
0.02 0.00471401 0.995286
0.03 0.247069 0.752931
0.04 0.248309 0.751691
0.05 0.248312 0.751688
0.06 0.248312 0.751688
0.07 0.248312 0.751688
0.08 0.248312 0.751688
0.09 0.248312 0.751688
0.1 0.248312 0.751688
0.11 0.248312 0.751688
0.12 0.248312 0.751688
0.13 0.248312 0.751688
0.14 0.248312 0.751688
0.15 0.248312 0.751688
0.16 0.248312 0.751688
0.17 0.248312 0.751688
0.18 0.248312 0.751688
0.19 0.248312 0.751688
0.2 0.248312 0.751688
0.21 0.248312 0.751688
0.22 0.248312 0.751688
0.23 0.248312 0.751688
0.24 0.248312 0.751688
0.25 0.248312 0.751688
0.26 0.248312 0.751688
0.27 0.248312 0.751688
0.28 0.248312 0.751688
0.29 0.248312 0.751688
0.3 0.248312 0.751688
0.31 0.248312 0.751688
0.32 0.248312 0.751688
0.33 0.248312 0.751688
0.34 0.248312 0.751688
0.35 0.248312 0.751688
0.36 0.248312 0.751688
0.37 0.248312 0.751688
0.38 0.248312 0.751688
0.39 0.248312 0.751688
0.4 0.248312 0.751688
0.41 0.248312 0.751688
0.42 0.248312 0.751688
0.43 0.248312 0.751688
0.44 0.248312 0.751688
0.45 0.248312 0.751688
0.46 0.248312 0.751688
0.47 0.248312 0.751688
0.48 0.248312 0.751688
0.49 0.248312 0.751688
0.5 0.248312 0.751688
0.51 0.248312 0.751688
0.52 0.248312 0.751688
0.53 0.248312 0.751688
0.54 0.248312 0.751688
0.55 0.248312 0.751688
0.56 0.248312 0.751688
0.57 0.248312 0.751688
0.58 0.248312 0.751688
0.59 0.248312 0.751688
0.6 0.248312 0.751688
0.61 0.248312 0.751688
0.62 0.248312 0.751688
0.63 0.248312 0.751688
0.64 0.248312 0.751688
0.65 0.248312 0.751688
0.66 0.248312 0.751688
0.67 0.248312 0.751688
0.68 0.248312 0.751688
0.69 0.248312 0.751688
0.7 0.248312 0.751688
0.71 0.248312 0.751688
0.72 0.248312 0.751688
0.73 0.248312 0.751688
0.74 0.248312 0.751688
0.75 0.248312 0.751688
0.76 0.248312 0.751688
0.77 0.248312 0.751688
0.78 0.248312 0.751688
0.79 0.248312 0.751688
0.8 0.248312 0.751688
0.81 0.248312 0.751688
0.82 0.248312 0.751688
0.83 0.248312 0.751688
0.84 0.248312 0.751688
0.85 0.248312 0.751688
0.86 0.248312 0.751688
0.87 0.248312 0.751688
0.88 0.248312 0.751688
0.89 0.248312 0.751688
0.9 0.248312 0.751688
0.91 0.248312 0.751688
0.92 0.248312 0.751688
0.93 0.248312 0.751688
0.94 0.248312 0.751688
0.95 0.248312 0.751688
0.96 0.248312 0.751688
0.97 0.248312 0.751688
0.98 0.248312 0.751688
0.99 0.248312 0.751688
1 0.248312 0.751688
1.01 0.248312 0.751688
1.02 0.248312 0.751688
1.03 0.248312 0.751688
1.04 0.248312 0.751688
1.05 0.248312 0.751688
1.06 0.248312 0.751688
1.07 0.248312 0.751688
1.08 0.248312 0.751688
1.09 0.248312 0.751688
1.1 0.248312 0.751688
1.11 0.248312 0.751688
1.12 0.248312 0.751688
1.13 0.248312 0.751688
1.14 0.248312 0.751688
1.15 0.248312 0.751688
1.16 0.248312 0.751688
1.17 0.248312 0.751688
1.18 0.248312 0.751688
1.19 0.248312 0.751688
1.2 0.248312 0.751688
1.21 0.248312 0.751688
1.22 0.248312 0.751688
1.23 0.248312 0.751688
1.24 0.248312 0.751688
1.25 0.248312 0.751688
1.26 0.248312 0.751688
1.27 0.248312 0.751688
1.28 0.248312 0.751688
1.29 0.248312 0.751688
1.3 0.248312 0.751688
1.31 0.248312 0.751688
1.32 0.248312 0.751688
1.33 0.248312 0.751688
1.34 0.248312 0.751688
1.35 0.248312 0.751688
1.36 0.248312 0.751688
1.37 0.248312 0.751688
1.38 0.248312 0.751688
1.39 0.248312 0.751688
1.4 0.248312 0.751688
1.41 0.248312 0.751688
1.42 0.248312 0.751688
1.43 0.248312 0.751688
1.44 0.248312 0.751688
1.45 0.248312 0.751688
1.46 0.248312 0.751688
1.47 0.248312 0.751688
1.48 0.248312 0.751688
1.49 0.248312 0.751688
1.5 0.248312 0.751688
1.51 0.248312 0.751688
1.52 0.248312 0.751688
1.53 0.248312 0.751688
1.54 0.248312 0.751688
1.55 0.248312 0.751688
1.56 0.248312 0.751688
1.57 0.248312 0.751688
1.58 0.248312 0.751688
1.59 0.248312 0.751688
1.6 0.248312 0.751688
1.61 0.248312 0.751688
1.62 0.248312 0.751688
1.63 0.248312 0.751688
1.64 0.248312 0.751688
1.65 0.248312 0.751688
1.66 0.248312 0.751688
1.67 0.248312 0.751688
1.68 0.248312 0.751688
1.69 0.248312 0.751688
1.7 0.248312 0.751688
1.71 0.248312 0.751688
1.72 0.248312 0.751688
1.73 0.248312 0.751688
1.74 0.248312 0.751688
1.75 0.248312 0.751688
1.76 0.248312 0.751688
1.77 0.248312 0.751688
1.78 0.248312 0.751688
1.79 0.248312 0.751688
1.8 0.248312 0.751688
1.81 0.248312 0.751688
1.82 0.248312 0.751688
1.83 0.248312 0.751688
1.84 0.248312 0.751688
1.85 0.248312 0.751688
1.86 0.248312 0.751688
1.87 0.248312 0.751688
1.88 0.248312 0.751688
1.89 0.248312 0.751688
1.9 0.248312 0.751688
1.91 0.248312 0.751688
1.92 0.248312 0.751688
1.93 0.248312 0.751688
1.94 0.248312 0.751688
1.95 0.248312 0.751688
1.96 0.248312 0.751688
1.97 0.248312 0.751688
1.98 0.248312 0.751688
1.99 0.248312 0.751688
2 0.248312 0.751688
2.01 0.248312 0.751688
2.02 0.248312 0.751688
2.03 0.248312 0.751688
2.04 0.248312 0.751688
2.05 0.248312 0.751688
2.06 0.248312 0.751688
2.07 0.248312 0.751688
2.08 0.248312 0.751688
2.09 0.248312 0.751688
2.1 0.248312 0.751688
2.11 0.248312 0.751688
2.12 0.248312 0.751688
2.13 0.248312 0.751688
2.14 0.248312 0.751688
2.15 0.248312 0.751688
2.16 0.248312 0.751688
2.17 0.248312 0.751688
2.18 0.248312 0.751688
2.19 0.248312 0.751688
2.2 0.248312 0.751688
2.21 0.248312 0.751688
2.22 0.248312 0.751688
2.23 0.248312 0.751688
2.24 0.248312 0.751688
2.25 0.248312 0.751688
2.26 0.248312 0.751688
2.27 0.248312 0.751688
2.28 0.248312 0.751688
2.29 0.248312 0.751688
2.3 0.248312 0.751688
2.31 0.248312 0.751688
2.32 0.248312 0.751688
2.33 0.248312 0.751688
2.34 0.248312 0.751688
2.35 0.248312 0.751688
2.36 0.248312 0.751688
2.37 0.248312 0.751688
2.38 0.248312 0.751688
2.39 0.248312 0.751688
2.4 0.248312 0.751688
2.41 0.248312 0.751688
2.42 0.248312 0.751688
2.43 0.248312 0.751688
2.44 0.248312 0.751688
2.45 0.248312 0.751688
2.46 0.248312 0.751688
2.47 0.248312 0.751688
2.48 0.248312 0.751688
2.49 0.248312 0.751688
2.5 0.248312 0.751688
2.51 0.248312 0.751688
2.52 0.248312 0.751688
2.53 0.248312 0.751688
2.54 0.248312 0.751688
2.55 0.248312 0.751688
2.56 0.248312 0.751688
2.57 0.248312 0.751688
2.58 0.248312 0.751688
2.59 0.248312 0.751688
2.6 0.248312 0.751688
2.61 0.248312 0.751688
2.62 0.248312 0.751688
2.63 0.248312 0.751688
2.64 0.248312 0.751688
2.65 0.248312 0.751688
2.66 0.248312 0.751688
2.67 0.248312 0.751688
2.68 0.248312 0.751688
2.69 0.248312 0.751688
2.7 0.248312 0.751688
2.71 0.248312 0.751688
2.72 0.248312 0.751688
2.73 0.248312 0.751688
2.74 0.248312 0.751688
2.75 0.248312 0.751688
2.76 0.248312 0.751688
2.77 0.248312 0.751688
2.78 0.248312 0.751688
2.79 0.248312 0.751688
2.8 0.248312 0.751688
2.81 0.248312 0.751688
2.82 0.248312 0.751688
2.83 0.248312 0.751688
2.84 0.248312 0.751688
2.85 0.248312 0.751688
2.86 0.248312 0.751688
2.87 0.248312 0.751688
2.88 0.248312 0.751688
2.89 0.248312 0.751688
2.9 0.248312 0.751688
2.91 0.248312 0.751688
2.92 0.248312 0.751688
2.93 0.248312 0.751688
2.94 0.248312 0.751688
2.95 0.248312 0.751688
2.96 0.248312 0.751688
2.97 0.248312 0.751688
2.98 0.248312 0.751688
2.99 0.248312 0.751688
3 0.248312 0.751688
3.01 0.248312 0.751688
3.02 0.248312 0.751688
3.03 0.248312 0.751688
3.04 0.248312 0.751688
3.05 0.248312 0.751688
3.06 0.248312 0.751688
3.07 0.248312 0.751688
3.08 0.248312 0.751688
3.09 0.248312 0.751688
3.1 0.248312 0.751688
3.11 0.248312 0.751688
3.12 0.248312 0.751688
3.13 0.248312 0.751688
3.14 0.248312 0.751688
3.15 0.248312 0.751688
3.16 0.248312 0.751688
3.17 0.248312 0.751688
3.18 0.248312 0.751688
3.19 0.248312 0.751688
3.2 0.248312 0.751688
3.21 0.248312 0.751688
3.22 0.248312 0.751688
3.23 0.248312 0.751688
3.24 0.248312 0.751688
3.25 0.248312 0.751688
3.26 0.248312 0.751688
3.27 0.248312 0.751688
3.28 0.248312 0.751688
3.29 0.248312 0.751688
3.3 0.248312 0.751688
3.31 0.248312 0.751688
3.32 0.248312 0.751688
3.33 0.248312 0.751688
3.34 0.248312 0.751688
3.35 0.248312 0.751688
3.36 0.248312 0.751688
3.37 0.248312 0.751688
3.38 0.248312 0.751688
3.39 0.248312 0.751688
3.4 0.248312 0.751688
3.41 0.248312 0.751688
3.42 0.248312 0.751688
3.43 0.248312 0.751688
3.44 0.248312 0.751688
3.45 0.248312 0.751688
3.46 0.248312 0.751688
3.47 0.248312 0.751688
3.48 0.248312 0.751688
3.49 0.248312 0.751688
3.5 0.248312 0.751688
3.51 0.248312 0.751688
3.52 0.248312 0.751688
3.53 0.248312 0.751688
3.54 0.248312 0.751688
3.55 0.248312 0.751688
3.56 0.248312 0.751688
3.57 0.248312 0.751688
3.58 0.248312 0.751688
3.59 0.248312 0.751688
3.6 0.248312 0.751688
3.61 0.248312 0.751688
3.62 0.248312 0.751688
3.63 0.248312 0.751688
3.64 0.248312 0.751688
3.65 0.248312 0.751688
3.66 0.248312 0.751688
3.67 0.248312 0.751688
3.68 0.248312 0.751688
3.69 0.248312 0.751688
3.7 0.248312 0.751688
3.71 0.248312 0.751688
3.72 0.248312 0.751688
3.73 0.248312 0.751688
3.74 0.248312 0.751688
3.75 0.248312 0.751688
3.76 0.248312 0.751688
3.77 0.248312 0.751688
3.78 0.248312 0.751688
3.79 0.248312 0.751688
3.8 0.248312 0.751688
3.81 0.248312 0.751688
3.82 0.248312 0.751688
3.83 0.248312 0.751688
3.84 0.248312 0.751688
3.85 0.248312 0.751688
3.86 0.248312 0.751688
3.87 0.248312 0.751688
3.88 0.248312 0.751688
3.89 0.248312 0.751688
3.9 0.248312 0.751688
3.91 0.248312 0.751688
3.92 0.248312 0.751688
3.93 0.248312 0.751688
3.94 0.248312 0.751688
3.95 0.248312 0.751688
3.96 0.248312 0.751688
3.97 0.248312 0.751688
3.98 0.248312 0.751688
3.99 0.248312 0.751688
4 0.248312 0.751688
4.01 0.248312 0.751688
4.02 0.248312 0.751688
4.03 0.248312 0.751688
4.04 0.248312 0.751688
4.05 0.248312 0.751688
4.06 0.248312 0.751688
4.07 0.248312 0.751688
4.08 0.248312 0.751688
4.09 0.248312 0.751688
4.1 0.248312 0.751688
4.11 0.248312 0.751688
4.12 0.248312 0.751688
4.13 0.248312 0.751688
4.14 0.248312 0.751688
4.15 0.248312 0.751688
4.16 0.248312 0.751688
4.17 0.248312 0.751688
4.18 0.248312 0.751688
4.19 0.248312 0.751688
4.2 0.248312 0.751688
4.21 0.248312 0.751688
4.22 0.248312 0.751688
4.23 0.248312 0.751688
4.24 0.248312 0.751688
4.25 0.248312 0.751688
4.26 0.248312 0.751688
4.27 0.248312 0.751688
4.28 0.248312 0.751688
4.29 0.248312 0.751688
4.3 0.248312 0.751688
4.31 0.248312 0.751688
4.32 0.248312 0.751688
4.33 0.248312 0.751688
4.34 0.248312 0.751688
4.35 0.248312 0.751688
4.36 0.248312 0.751688
4.37 0.248312 0.751688
4.38 0.248312 0.751688
4.39 0.248312 0.751688
4.4 0.248312 0.751688
4.41 0.248312 0.751688
4.42 0.248312 0.751688
4.43 0.248312 0.751688
4.44 0.248312 0.751688
4.45 0.248312 0.751688
4.46 0.248312 0.751688
4.47 0.248312 0.751688
4.48 0.248312 0.751688
4.49 0.248312 0.751688
4.5 0.248312 0.751688
4.51 0.248312 0.751688
4.52 0.248312 0.751688
4.53 0.248312 0.751688
4.54 0.248312 0.751688
4.55 0.248312 0.751688
4.56 0.248312 0.751688
4.57 0.248312 0.751688
4.58 0.248312 0.751688
4.59 0.248312 0.751688
4.6 0.248312 0.751688
4.61 0.248312 0.751688
4.62 0.248312 0.751688
4.63 0.248312 0.751688
4.64 0.248312 0.751688
4.65 0.248312 0.751688
4.66 0.248312 0.751688
4.67 0.248312 0.751688
4.68 0.248312 0.751688
4.69 0.248312 0.751688
4.7 0.248312 0.751688
4.71 0.248312 0.751688
4.72 0.248312 0.751688
4.73 0.248312 0.751688
4.74 0.248312 0.751688
4.75 0.248312 0.751688
4.76 0.248312 0.751688
4.77 0.248312 0.751688
4.78 0.248312 0.751688
4.79 0.248312 0.751688
4.8 0.248312 0.751688
4.81 0.248312 0.751688
4.82 0.248312 0.751688
4.83 0.248312 0.751688
4.84 0.248312 0.751688
4.85 0.248312 0.751688
4.86 0.248312 0.751688
4.87 0.248312 0.751688
4.88 0.248312 0.751688
4.89 0.248312 0.751688
4.9 0.248312 0.751688
4.91 0.248312 0.751688
4.92 0.248312 0.751688
4.93 0.248312 0.751688
4.94 0.248312 0.751688
4.95 0.248312 0.751688
4.96 0.248312 0.751688
4.97 0.248312 0.751688
4.98 0.248312 0.751688
4.99 0.248312 0.751688
5 0.248312 0.751688
5.01 0.248312 0.751688
5.02 0.248312 0.751688
5.03 0.248312 0.751688
5.04 0.248312 0.751688
5.05 0.248312 0.751688
5.06 0.248312 0.751688
5.07 0.248312 0.751688
5.08 0.248312 0.751688
5.09 0.248312 0.751688
5.1 0.248312 0.751688
5.11 0.248312 0.751688
5.12 0.248312 0.751688
5.13 0.248312 0.751688
5.14 0.248312 0.751688
5.15 0.248312 0.751688
5.16 0.248312 0.751688
5.17 0.248312 0.751688
5.18 0.248312 0.751688
5.19 0.248312 0.751688
5.2 0.248312 0.751688
5.21 0.248312 0.751688
5.22 0.248312 0.751688
5.23 0.248312 0.751688
5.24 0.248312 0.751688
5.25 0.248312 0.751688
5.26 0.248312 0.751688
5.27 0.248312 0.751688
5.28 0.248312 0.751688
5.29 0.248312 0.751688
5.3 0.248312 0.751688
5.31 0.248312 0.751688
5.32 0.248312 0.751688
5.33 0.248312 0.751688
5.34 0.248312 0.751688
5.35 0.248312 0.751688
5.36 0.248312 0.751688
5.37 0.248312 0.751688
5.38 0.248312 0.751688
5.39 0.248312 0.751688
5.4 0.248312 0.751688
5.41 0.248312 0.751688
5.42 0.248312 0.751688
5.43 0.248312 0.751688
5.44 0.248312 0.751688
5.45 0.248312 0.751688
5.46 0.248312 0.751688
5.47 0.248312 0.751688
5.48 0.248312 0.751688
5.49 0.248312 0.751688
5.5 0.248312 0.751688
5.51 0.248312 0.751688
5.52 0.248312 0.751688
5.53 0.248312 0.751688
5.54 0.248312 0.751688
5.55 0.248312 0.751688
5.56 0.248312 0.751688
5.57 0.248312 0.751688
5.58 0.248312 0.751688
5.59 0.248312 0.751688
5.6 0.248312 0.751688
5.61 0.248312 0.751688
5.62 0.248312 0.751688
5.63 0.248312 0.751688
5.64 0.248312 0.751688
5.65 0.248312 0.751688
5.66 0.248312 0.751688
5.67 0.248312 0.751688
5.68 0.248312 0.751688
5.69 0.248312 0.751688
5.7 0.248312 0.751688
5.71 0.248312 0.751688
5.72 0.248312 0.751688
5.73 0.248312 0.751688
5.74 0.248312 0.751688
5.75 0.248312 0.751688
5.76 0.248312 0.751688
5.77 0.248312 0.751688
5.78 0.248312 0.751688
5.79 0.248312 0.751688
5.8 0.248312 0.751688
5.81 0.248312 0.751688
5.82 0.248312 0.751688
5.83 0.248312 0.751688
5.84 0.248312 0.751688
5.85 0.248312 0.751688
5.86 0.248312 0.751688
5.87 0.248312 0.751688
5.88 0.248312 0.751688
5.89 0.248312 0.751688
5.9 0.248312 0.751688
5.91 0.248312 0.751688
5.92 0.248312 0.751688
5.93 0.248312 0.751688
5.94 0.248312 0.751688
5.95 0.248312 0.751688
5.96 0.248312 0.751688
5.97 0.248312 0.751688
5.98 0.248312 0.751688
5.99 0.248312 0.751688
6 0.248312 0.751688
6.01 0.248312 0.751688
6.02 0.248312 0.751688
6.03 0.248312 0.751688
6.04 0.248312 0.751688
6.05 0.248312 0.751688
6.06 0.248312 0.751688
6.07 0.248312 0.751688
6.08 0.248312 0.751688
6.09 0.248312 0.751688
6.1 0.248312 0.751688
6.11 0.248312 0.751688
6.12 0.248312 0.751688
6.13 0.248312 0.751688
6.14 0.248312 0.751688
6.15 0.248312 0.751688
6.16 0.248312 0.751688
6.17 0.248312 0.751688
6.18 0.248312 0.751688
6.19 0.248312 0.751688
6.2 0.248312 0.751688
6.21 0.248312 0.751688
6.22 0.248312 0.751688
6.23 0.248312 0.751688
6.24 0.248312 0.751688
6.25 0.248312 0.751688
6.26 0.248312 0.751688
6.27 0.248312 0.751688
6.28 0.248312 0.751688
6.29 0.248312 0.751688
6.3 0.248312 0.751688
6.31 0.248312 0.751688
6.32 0.248312 0.751688
6.33 0.248312 0.751688
6.34 0.248312 0.751688
6.35 0.248312 0.751688
6.36 0.248312 0.751688
6.37 0.248312 0.751688
6.38 0.248312 0.751688
6.39 0.248312 0.751688
6.4 0.248312 0.751688
6.41 0.248312 0.751688
6.42 0.248312 0.751688
6.43 0.248312 0.751688
6.44 0.248312 0.751688
6.45 0.248312 0.751688
6.46 0.248312 0.751688
6.47 0.248312 0.751688
6.48 0.248312 0.751688
6.49 0.248312 0.751688
6.5 0.248312 0.751688
6.51 0.248312 0.751688
6.52 0.248312 0.751688
6.53 0.248312 0.751688
6.54 0.248312 0.751688
6.55 0.248312 0.751688
6.56 0.248312 0.751688
6.57 0.248312 0.751688
6.58 0.248312 0.751688
6.59 0.248312 0.751688
6.6 0.248312 0.751688
6.61 0.248312 0.751688
6.62 0.248312 0.751688
6.63 0.248312 0.751688
6.64 0.248312 0.751688
6.65 0.248312 0.751688
6.66 0.248312 0.751688
6.67 0.248312 0.751688
6.68 0.248312 0.751688
6.69 0.248312 0.751688
6.7 0.248312 0.751688
6.71 0.248312 0.751688
6.72 0.248312 0.751688
6.73 0.248312 0.751688
6.74 0.248312 0.751688
6.75 0.248312 0.751688
6.76 0.248312 0.751688
6.77 0.248312 0.751688
6.78 0.248312 0.751688
6.79 0.248312 0.751688
6.8 0.248312 0.751688
6.81 0.248312 0.751688
6.82 0.248312 0.751688
6.83 0.248312 0.751688
6.84 0.248312 0.751688
6.85 0.248312 0.751688
6.86 0.248312 0.751688
6.87 0.248312 0.751688
6.88 0.248312 0.751688
6.89 0.248312 0.751688
6.9 0.248312 0.751688
6.91 0.248312 0.751688
6.92 0.248312 0.751688
6.93 0.248312 0.751688
6.94 0.248312 0.751688
6.95 0.248312 0.751688
6.96 0.248312 0.751688
6.97 0.248312 0.751688
6.98 0.248312 0.751688
6.99 0.248312 0.751688
7 0.248312 0.751688
7.01 0.248312 0.751688
7.02 0.248312 0.751688
7.03 0.248312 0.751688
7.04 0.248312 0.751688
7.05 0.248312 0.751688
7.06 0.248312 0.751688
7.07 0.248312 0.751688
7.08 0.248312 0.751688
7.09 0.248312 0.751688
7.1 0.248312 0.751688
7.11 0.248312 0.751688
7.12 0.248312 0.751688
7.13 0.248312 0.751688
7.14 0.248312 0.751688
7.15 0.248312 0.751688
7.16 0.248312 0.751688
7.17 0.248312 0.751688
7.18 0.248312 0.751688
7.19 0.248312 0.751688
7.2 0.248312 0.751688
7.21 0.248312 0.751688
7.22 0.248312 0.751688
7.23 0.248312 0.751688
7.24 0.248312 0.751688
7.25 0.248312 0.751688
7.26 0.248312 0.751688
7.27 0.248312 0.751688
7.28 0.248312 0.751688
7.29 0.248312 0.751688
7.3 0.248312 0.751688
7.31 0.248312 0.751688
7.32 0.248312 0.751688
7.33 0.248312 0.751688
7.34 0.248312 0.751688
7.35 0.248312 0.751688
7.36 0.248312 0.751688
7.37 0.248312 0.751688
7.38 0.248312 0.751688
7.39 0.248312 0.751688
7.4 0.248312 0.751688
7.41 0.248312 0.751688
7.42 0.248312 0.751688
7.43 0.248312 0.751688
7.44 0.248312 0.751688
7.45 0.248312 0.751688
7.46 0.248312 0.751688
7.47 0.248312 0.751688
7.48 0.248312 0.751688
7.49 0.248312 0.751688
7.5 0.248312 0.751688
7.51 0.248312 0.751688
7.52 0.248312 0.751688
7.53 0.248312 0.751688
7.54 0.248312 0.751688
7.55 0.248312 0.751688
7.56 0.248312 0.751688
7.57 0.248312 0.751688
7.58 0.248312 0.751688
7.59 0.248312 0.751688
7.6 0.248312 0.751688
7.61 0.248312 0.751688
7.62 0.248312 0.751688
7.63 0.248312 0.751688
7.64 0.248312 0.751688
7.65 0.248312 0.751688
7.66 0.248312 0.751688
7.67 0.248312 0.751688
7.68 0.248312 0.751688
7.69 0.248312 0.751688
7.7 0.248312 0.751688
7.71 0.248312 0.751688
7.72 0.248312 0.751688
7.73 0.248312 0.751688
7.74 0.248312 0.751688
7.75 0.248312 0.751688
7.76 0.248312 0.751688
7.77 0.248312 0.751688
7.78 0.248312 0.751688
7.79 0.248312 0.751688
7.8 0.248312 0.751688
7.81 0.248312 0.751688
7.82 0.248312 0.751688
7.83 0.248312 0.751688
7.84 0.248312 0.751688
7.85 0.248312 0.751688
7.86 0.248312 0.751688
7.87 0.248312 0.751688
7.88 0.248312 0.751688
7.89 0.248312 0.751688
7.9 0.248312 0.751688
7.91 0.248312 0.751688
7.92 0.248312 0.751688
7.93 0.248312 0.751688
7.94 0.248312 0.751688
7.95 0.248312 0.751688
7.96 0.248312 0.751688
7.97 0.248312 0.751688
7.98 0.248312 0.751688
7.99 0.248312 0.751688
8 0.248312 0.751688
8.01 0.248312 0.751688
8.02 0.248312 0.751688
8.03 0.248312 0.751688
8.04 0.248312 0.751688
8.05 0.248312 0.751688
8.06 0.248312 0.751688
8.07 0.248312 0.751688
8.08 0.248312 0.751688
8.09 0.248312 0.751688
8.1 0.248312 0.751688
8.11 0.248312 0.751688
8.12 0.248312 0.751688
8.13 0.248312 0.751688
8.14 0.248312 0.751688
8.15 0.248312 0.751688
8.16 0.248312 0.751688
8.17 0.248312 0.751688
8.18 0.248312 0.751688
8.19 0.248312 0.751688
8.2 0.248312 0.751688
8.21 0.248312 0.751688
8.22 0.248312 0.751688
8.23 0.248312 0.751688
8.24 0.248312 0.751688
8.25 0.248312 0.751688
8.26 0.248312 0.751688
8.27 0.248312 0.751688
8.28 0.248312 0.751688
8.29 0.248312 0.751688
8.3 0.248312 0.751688
8.31 0.248312 0.751688
8.32 0.248312 0.751688
8.33 0.248312 0.751688
8.34 0.248312 0.751688
8.35 0.248312 0.751688
8.36 0.248312 0.751688
8.37 0.248312 0.751688
8.38 0.248312 0.751688
8.39 0.248312 0.751688
8.4 0.248312 0.751688
8.41 0.248312 0.751688
8.42 0.248312 0.751688
8.43 0.248312 0.751688
8.44 0.248312 0.751688
8.45 0.248312 0.751688
8.46 0.248312 0.751688
8.47 0.248312 0.751688
8.48 0.248312 0.751688
8.49 0.248312 0.751688
8.5 0.248312 0.751688
8.51 0.248312 0.751688
8.52 0.248312 0.751688
8.53 0.248312 0.751688
8.54 0.248312 0.751688
8.55 0.248312 0.751688
8.56 0.248312 0.751688
8.57 0.248312 0.751688
8.58 0.248312 0.751688
8.59 0.248312 0.751688
8.6 0.248312 0.751688
8.61 0.248312 0.751688
8.62 0.248312 0.751688
8.63 0.248312 0.751688
8.64 0.248312 0.751688
8.65 0.248312 0.751688
8.66 0.248312 0.751688
8.67 0.248312 0.751688
8.68 0.248312 0.751688
8.69 0.248312 0.751688
8.7 0.248312 0.751688
8.71 0.248312 0.751688
8.72 0.248312 0.751688
8.73 0.248312 0.751688
8.74 0.248312 0.751688
8.75 0.248312 0.751688
8.76 0.248312 0.751688
8.77 0.248312 0.751688
8.78 0.248312 0.751688
8.79 0.248312 0.751688
8.8 0.248312 0.751688
8.81 0.248312 0.751688
8.82 0.248312 0.751688
8.83 0.248312 0.751688
8.84 0.248312 0.751688
8.85 0.248312 0.751688
8.86 0.248312 0.751688
8.87 0.248312 0.751688
8.88 0.248312 0.751688
8.89 0.248312 0.751688
8.9 0.248312 0.751688
8.91 0.248312 0.751688
8.92 0.248312 0.751688
8.93 0.248312 0.751688
8.94 0.248312 0.751688
8.95 0.248312 0.751688
8.96 0.248312 0.751688
8.97 0.248312 0.751688
8.98 0.248312 0.751688
8.99 0.248312 0.751688
9 0.248312 0.751688
9.01 0.248312 0.751688
9.02 0.248312 0.751688
9.03 0.248312 0.751688
9.04 0.248312 0.751688
9.05 0.248312 0.751688
9.06 0.248312 0.751688
9.07 0.248312 0.751688
9.08 0.248312 0.751688
9.09 0.248312 0.751688
9.1 0.248312 0.751688
9.11 0.248312 0.751688
9.12 0.248312 0.751688
9.13 0.248312 0.751688
9.14 0.248312 0.751688
9.15 0.248312 0.751688
9.16 0.248312 0.751688
9.17 0.248312 0.751688
9.18 0.248312 0.751688
9.19 0.248312 0.751688
9.2 0.248312 0.751688
9.21 0.248312 0.751688
9.22 0.248312 0.751688
9.23 0.248312 0.751688
9.24 0.248312 0.751688
9.25 0.248312 0.751688
9.26 0.248312 0.751688
9.27 0.248312 0.751688
9.28 0.248312 0.751688
9.29 0.248312 0.751688
9.3 0.248312 0.751688
9.31 0.248312 0.751688
9.32 0.248312 0.751688
9.33 0.248312 0.751688
9.34 0.248312 0.751688
9.35 0.248312 0.751688
9.36 0.248312 0.751688
9.37 0.248312 0.751688
9.38 0.248312 0.751688
9.39 0.248312 0.751688
9.4 0.248312 0.751688
9.41 0.248312 0.751688
9.42 0.248312 0.751688
9.43 0.248312 0.751688
9.44 0.248312 0.751688
9.45 0.248312 0.751688
9.46 0.248312 0.751688
9.47 0.248312 0.751688
9.48 0.248312 0.751688
9.49 0.248312 0.751688
9.5 0.248312 0.751688
9.51 0.248312 0.751688
9.52 0.248312 0.751688
9.53 0.248312 0.751688
9.54 0.248312 0.751688
9.55 0.248312 0.751688
9.56 0.248312 0.751688
9.57 0.248312 0.751688
9.58 0.248312 0.751688
9.59 0.248312 0.751688
9.6 0.248312 0.751688
9.61 0.248312 0.751688
9.62 0.248312 0.751688
9.63 0.248312 0.751688
9.64 0.248312 0.751688
9.65 0.248312 0.751688
9.66 0.248312 0.751688
9.67 0.248312 0.751688
9.68 0.248312 0.751688
9.69 0.248312 0.751688
9.7 0.248312 0.751688
9.71 0.248312 0.751688
9.72 0.248312 0.751688
9.73 0.248312 0.751688
9.74 0.248312 0.751688
9.75 0.248312 0.751688
9.76 0.248312 0.751688
9.77 0.248312 0.751688
9.78 0.248312 0.751688
9.79 0.248312 0.751688
9.8 0.248312 0.751688
9.81 0.248312 0.751688
9.82 0.248312 0.751688
9.83 0.248312 0.751688
9.84 0.248312 0.751688
9.85 0.248312 0.751688
9.86 0.248312 0.751688
9.87 0.248312 0.751688
9.88 0.248312 0.751688
9.89 0.248312 0.751688
9.9 0.248312 0.751688
9.91 0.248312 0.751688
9.92 0.248312 0.751688
9.93 0.248312 0.751688
9.94 0.248312 0.751688
9.95 0.248312 0.751688
9.96 0.248312 0.751688
9.97 0.248312 0.751688
9.98 0.248312 0.751688
9.99 0.248312 0.751688
10 0.248312 0.751688
10.01 0.248312 0.751688
10.02 0.248312 0.751688
10.03 0.248312 0.751688
10.04 0.248312 0.751688
10.05 0.248312 0.751688
10.06 0.248312 0.751688
10.07 0.248312 0.751688
10.08 0.248312 0.751688
10.09 0.248312 0.751688
10.1 0.248312 0.751688
10.11 0.248312 0.751688
10.12 0.248312 0.751688
10.13 0.248312 0.751688
10.14 0.248312 0.751688
10.15 0.248312 0.751688
10.16 0.248312 0.751688
10.17 0.248312 0.751688
10.18 0.248312 0.751688
10.19 0.248312 0.751688
10.2 0.248312 0.751688
10.21 0.248312 0.751688
10.22 0.248312 0.751688
10.23 0.248312 0.751688
10.24 0.248312 0.751688
10.25 0.248312 0.751688
10.26 0.248312 0.751688
10.27 0.248312 0.751688
10.28 0.248312 0.751688
10.29 0.248312 0.751688
10.3 0.248312 0.751688
10.31 0.248312 0.751688
10.32 0.248312 0.751688
10.33 0.248312 0.751688
10.34 0.248312 0.751688
10.35 0.248312 0.751688
10.36 0.248312 0.751688
10.37 0.248312 0.751688
10.38 0.248312 0.751688
10.39 0.248312 0.751688
10.4 0.248312 0.751688
10.41 0.248312 0.751688
10.42 0.248312 0.751688
10.43 0.248312 0.751688
10.44 0.248312 0.751688
10.45 0.248312 0.751688
10.46 0.248312 0.751688
10.47 0.248312 0.751688
10.48 0.248312 0.751688
10.49 0.248312 0.751688
10.5 0.248312 0.751688
10.51 0.248312 0.751688
10.52 0.248312 0.751688
10.53 0.248312 0.751688
10.54 0.248312 0.751688
10.55 0.248312 0.751688
10.56 0.248312 0.751688
10.57 0.248312 0.751688
10.58 0.248312 0.751688
10.59 0.248312 0.751688
10.6 0.248312 0.751688
10.61 0.248312 0.751688
10.62 0.248312 0.751688
10.63 0.248312 0.751688
10.64 0.248312 0.751688
10.65 0.248312 0.751688
10.66 0.248312 0.751688
10.67 0.248312 0.751688
10.68 0.248312 0.751688
10.69 0.248312 0.751688
10.7 0.248312 0.751688
10.71 0.248312 0.751688
10.72 0.248312 0.751688
10.73 0.248312 0.751688
10.74 0.248312 0.751688
10.75 0.248312 0.751688
10.76 0.248312 0.751688
10.77 0.248312 0.751688
10.78 0.248312 0.751688
10.79 0.248312 0.751688
10.8 0.248312 0.751688
10.81 0.248312 0.751688
10.82 0.248312 0.751688
10.83 0.248312 0.751688
10.84 0.248312 0.751688
10.85 0.248312 0.751688
10.86 0.248312 0.751688
10.87 0.248312 0.751688
10.88 0.248312 0.751688
10.89 0.248312 0.751688
10.9 0.248312 0.751688
10.91 0.248312 0.751688
10.92 0.248312 0.751688
10.93 0.248312 0.751688
10.94 0.248312 0.751688
10.95 0.248312 0.751688
10.96 0.248312 0.751688
10.97 0.248312 0.751688
10.98 0.248312 0.751688
10.99 0.248312 0.751688
11 0.248312 0.751688
11.01 0.248312 0.751688
11.02 0.248312 0.751688
11.03 0.248312 0.751688
11.04 0.248312 0.751688
11.05 0.248312 0.751688
11.06 0.248312 0.751688
11.07 0.248312 0.751688
11.08 0.248312 0.751688
11.09 0.248312 0.751688
11.1 0.248312 0.751688
11.11 0.248312 0.751688
11.12 0.248312 0.751688
11.13 0.248312 0.751688
11.14 0.248312 0.751688
11.15 0.248312 0.751688
11.16 0.248312 0.751688
11.17 0.248312 0.751688
11.18 0.248312 0.751688
11.19 0.248312 0.751688
11.2 0.248312 0.751688
11.21 0.248312 0.751688
11.22 0.248312 0.751688
11.23 0.248312 0.751688
11.24 0.248312 0.751688
11.25 0.248312 0.751688
11.26 0.248312 0.751688
11.27 0.248312 0.751688
11.28 0.248312 0.751688
11.29 0.248312 0.751688
11.3 0.248312 0.751688
11.31 0.248312 0.751688
11.32 0.248312 0.751688
11.33 0.248312 0.751688
11.34 0.248312 0.751688
11.35 0.248312 0.751688
11.36 0.248312 0.751688
11.37 0.248312 0.751688
11.38 0.248312 0.751688
11.39 0.248312 0.751688
11.4 0.248312 0.751688
11.41 0.248312 0.751688
11.42 0.248312 0.751688
11.43 0.248312 0.751688
11.44 0.248312 0.751688
11.45 0.248312 0.751688
11.46 0.248312 0.751688
11.47 0.248312 0.751688
11.48 0.248312 0.751688
11.49 0.248312 0.751688
11.5 0.248312 0.751688
11.51 0.248312 0.751688
11.52 0.248312 0.751688
11.53 0.248312 0.751688
11.54 0.248312 0.751688
11.55 0.248312 0.751688
11.56 0.248312 0.751688
11.57 0.248312 0.751688
11.58 0.248312 0.751688
11.59 0.248312 0.751688
11.6 0.248312 0.751688
11.61 0.248312 0.751688
11.62 0.248312 0.751688
11.63 0.248312 0.751688
11.64 0.248312 0.751688
11.65 0.248312 0.751688
11.66 0.248312 0.751688
11.67 0.248312 0.751688
11.68 0.248312 0.751688
11.69 0.248312 0.751688
11.7 0.248312 0.751688
11.71 0.248312 0.751688
11.72 0.248312 0.751688
11.73 0.248312 0.751688
11.74 0.248312 0.751688
11.75 0.248312 0.751688
11.76 0.248312 0.751688
11.77 0.248312 0.751688
11.78 0.248312 0.751688
11.79 0.248312 0.751688
11.8 0.248312 0.751688
11.81 0.248312 0.751688
11.82 0.248312 0.751688
11.83 0.248312 0.751688
11.84 0.248312 0.751688
11.85 0.248312 0.751688
11.86 0.248312 0.751688
11.87 0.248312 0.751688
11.88 0.248312 0.751688
11.89 0.248312 0.751688
11.9 0.248312 0.751688
11.91 0.248312 0.751688
11.92 0.248312 0.751688
11.93 0.248312 0.751688
11.94 0.248312 0.751688
11.95 0.248312 0.751688
11.96 0.248312 0.751688
11.97 0.248312 0.751688
11.98 0.248312 0.751688
11.99 0.248312 0.751688
12 0.248312 0.751688

